#Layer_Color=9474304
#
#Feature symbol names
#
$0 r5
$1 r6.6666

#
#Feature attribute names
#

#
#Layer features
#
A 0.154 0.602 0.154 0.602 0.134 0.602 1 P 0 N
A 0.154 0.702 0.154 0.702 0.134 0.702 1 P 0 N
A 0.154 0.802 0.154 0.802 0.134 0.802 1 P 0 N
A 0.154 0.902 0.154 0.902 0.134 0.902 1 P 0 N
A 0.154 1.002 0.154 1.002 0.134 1.002 1 P 0 N
A 0.154 1.102 0.154 1.102 0.134 1.102 1 P 0 N
A 0.154 1.202 0.154 1.202 0.134 1.202 1 P 0 N
A 0.154 1.302 0.154 1.302 0.134 1.302 1 P 0 N
A 0.154 1.402 0.154 1.402 0.134 1.402 1 P 0 N
A 0.154 1.502 0.154 1.502 0.134 1.502 1 P 0 N
A 0.154 1.602 0.154 1.602 0.134 1.602 1 P 0 N
A 0.154 1.702 0.154 1.702 0.134 1.702 1 P 0 N
A 0.154 1.802 0.154 1.802 0.134 1.802 1 P 0 N
A 0.154 1.902 0.154 1.902 0.134 1.902 1 P 0 N
A 0.154 2.002 0.154 2.002 0.134 2.002 1 P 0 N
A 0.154 2.102 0.154 2.102 0.134 2.102 1 P 0 N
A 0.154 2.202 0.154 2.202 0.134 2.202 1 P 0 N
A 0.154 2.302 0.154 2.302 0.134 2.302 1 P 0 N
A 0.154 2.402 0.154 2.402 0.134 2.402 1 P 0 N
A 0.154 2.502 0.154 2.502 0.134 2.502 1 P 0 N
A 0.154 2.602 0.154 2.602 0.134 2.602 1 P 0 N
A 0.154 2.702 0.154 2.702 0.134 2.702 1 P 0 N
A 0.154 2.802 0.154 2.802 0.134 2.802 1 P 0 N
A 0.154 2.902 0.154 2.902 0.134 2.902 1 P 0 N
A 0.154 3.002 0.154 3.002 0.134 3.002 1 P 0 N
A 0.154 3.102 0.154 3.102 0.134 3.102 1 P 0 N
A 0.154 3.202 0.154 3.202 0.134 3.202 1 P 0 N
A 0.154 3.302 0.154 3.302 0.134 3.302 1 P 0 N
A 0.154 3.402 0.154 3.402 0.134 3.402 1 P 0 N
A 0.154 3.502 0.154 3.502 0.134 3.502 1 P 0 N
A 0.154 3.602 0.154 3.602 0.134 3.602 1 P 0 N
A 0.154 3.702 0.154 3.702 0.134 3.702 1 P 0 N
A 0.154 3.802 0.154 3.802 0.134 3.802 1 P 0 N
A 0.154 3.902 0.154 3.902 0.134 3.902 1 P 0 N
A 0.154 4.002 0.154 4.002 0.134 4.002 1 P 0 N
A 0.254 0.602 0.254 0.602 0.234 0.602 1 P 0 N
A 0.254 0.702 0.254 0.702 0.234 0.702 1 P 0 N
A 0.254 0.802 0.254 0.802 0.234 0.802 1 P 0 N
A 0.254 0.902 0.254 0.902 0.234 0.902 1 P 0 N
A 0.254 1.002 0.254 1.002 0.234 1.002 1 P 0 N
A 0.254 1.102 0.254 1.102 0.234 1.102 1 P 0 N
A 0.254 1.202 0.254 1.202 0.234 1.202 1 P 0 N
A 0.254 1.302 0.254 1.302 0.234 1.302 1 P 0 N
A 0.254 1.402 0.254 1.402 0.234 1.402 1 P 0 N
A 0.254 1.502 0.254 1.502 0.234 1.502 1 P 0 N
A 0.254 1.602 0.254 1.602 0.234 1.602 1 P 0 N
A 0.254 1.702 0.254 1.702 0.234 1.702 1 P 0 N
A 0.254 1.802 0.254 1.802 0.234 1.802 1 P 0 N
A 0.254 1.902 0.254 1.902 0.234 1.902 1 P 0 N
A 0.254 2.002 0.254 2.002 0.234 2.002 1 P 0 N
A 0.254 2.102 0.254 2.102 0.234 2.102 1 P 0 N
A 0.254 2.202 0.254 2.202 0.234 2.202 1 P 0 N
A 0.254 2.302 0.254 2.302 0.234 2.302 1 P 0 N
A 0.254 2.402 0.254 2.402 0.234 2.402 1 P 0 N
A 0.254 2.502 0.254 2.502 0.234 2.502 1 P 0 N
A 0.254 2.602 0.254 2.602 0.234 2.602 1 P 0 N
A 0.254 2.702 0.254 2.702 0.234 2.702 1 P 0 N
A 0.254 2.802 0.254 2.802 0.234 2.802 1 P 0 N
A 0.254 2.902 0.254 2.902 0.234 2.902 1 P 0 N
A 0.254 3.002 0.254 3.002 0.234 3.002 1 P 0 N
A 0.254 3.102 0.254 3.102 0.234 3.102 1 P 0 N
A 0.254 3.202 0.254 3.202 0.234 3.202 1 P 0 N
A 0.254 3.302 0.254 3.302 0.234 3.302 1 P 0 N
A 0.254 3.402 0.254 3.402 0.234 3.402 1 P 0 N
A 0.254 3.502 0.254 3.502 0.234 3.502 1 P 0 N
A 0.254 3.602 0.254 3.602 0.234 3.602 1 P 0 N
A 0.254 3.702 0.254 3.702 0.234 3.702 1 P 0 N
A 0.254 3.802 0.254 3.802 0.234 3.802 1 P 0 N
A 0.254 3.902 0.254 3.902 0.234 3.902 1 P 0 N
A 0.254 4.002 0.254 4.002 0.234 4.002 1 P 0 N
A 2.5430551 0.6009712 2.5430551 0.6009712 2.5230551 0.6009712 1 P 0 N
A 2.5430551 0.7009712 2.5430551 0.7009712 2.5230551 0.7009712 1 P 0 N
A 2.5430551 0.8009712 2.5430551 0.8009712 2.5230551 0.8009712 1 P 0 N
A 2.5430551 0.9009712 2.5430551 0.9009712 2.5230551 0.9009712 1 P 0 N
A 2.5430551 1.0009712 2.5430551 1.0009712 2.5230551 1.0009712 1 P 0 N
A 2.5430551 1.1009712 2.5430551 1.1009712 2.5230551 1.1009712 1 P 0 N
A 2.5430551 1.2009712 2.5430551 1.2009712 2.5230551 1.2009712 1 P 0 N
A 2.5430551 1.3009712 2.5430551 1.3009712 2.5230551 1.3009712 1 P 0 N
A 2.5430551 1.4009712 2.5430551 1.4009712 2.5230551 1.4009712 1 P 0 N
A 2.5430551 1.5009712 2.5430551 1.5009712 2.5230551 1.5009712 1 P 0 N
A 2.5430551 1.6009712 2.5430551 1.6009712 2.5230551 1.6009712 1 P 0 N
A 2.5430551 1.7009712 2.5430551 1.7009712 2.5230551 1.7009712 1 P 0 N
A 2.5430551 1.8009712 2.5430551 1.8009712 2.5230551 1.8009712 1 P 0 N
A 2.5430551 1.9009712 2.5430551 1.9009712 2.5230551 1.9009712 1 P 0 N
A 2.5430551 2.0009712 2.5430551 2.0009712 2.5230551 2.0009712 1 P 0 N
A 2.5430551 2.1009712 2.5430551 2.1009712 2.5230551 2.1009712 1 P 0 N
A 2.5430551 2.2009712 2.5430551 2.2009712 2.5230551 2.2009712 1 P 0 N
A 2.5430551 2.3009712 2.5430551 2.3009712 2.5230551 2.3009712 1 P 0 N
A 2.5430551 2.4009712 2.5430551 2.4009712 2.5230551 2.4009712 1 P 0 N
A 2.5430551 2.5009712 2.5430551 2.5009712 2.5230551 2.5009712 1 P 0 N
A 2.5430551 2.6009712 2.5430551 2.6009712 2.5230551 2.6009712 1 P 0 N
A 2.5430551 2.7009712 2.5430551 2.7009712 2.5230551 2.7009712 1 P 0 N
A 2.5430551 2.8009712 2.5430551 2.8009712 2.5230551 2.8009712 1 P 0 N
A 2.5430551 2.9009712 2.5430551 2.9009712 2.5230551 2.9009712 1 P 0 N
A 2.5430551 3.0009712 2.5430551 3.0009712 2.5230551 3.0009712 1 P 0 N
A 2.5430551 3.1009712 2.5430551 3.1009712 2.5230551 3.1009712 1 P 0 N
A 2.5430551 3.2009712 2.5430551 3.2009712 2.5230551 3.2009712 1 P 0 N
A 2.5430551 3.3009712 2.5430551 3.3009712 2.5230551 3.3009712 1 P 0 N
A 2.5430551 3.4009712 2.5430551 3.4009712 2.5230551 3.4009712 1 P 0 N
A 2.5430551 3.5009712 2.5430551 3.5009712 2.5230551 3.5009712 1 P 0 N
A 2.5430551 3.6009712 2.5430551 3.6009712 2.5230551 3.6009712 1 P 0 N
A 2.5430551 3.7009712 2.5430551 3.7009712 2.5230551 3.7009712 1 P 0 N
A 2.5430551 3.8009712 2.5430551 3.8009712 2.5230551 3.8009712 1 P 0 N
A 2.5430551 3.9009712 2.5430551 3.9009712 2.5230551 3.9009712 1 P 0 N
A 2.5430551 4.0009712 2.5430551 4.0009712 2.5230551 4.0009712 1 P 0 N
A 2.6430551 0.6009712 2.6430551 0.6009712 2.6230551 0.6009712 1 P 0 N
A 2.6430551 0.7009712 2.6430551 0.7009712 2.6230551 0.7009712 1 P 0 N
A 2.6430551 0.8009712 2.6430551 0.8009712 2.6230551 0.8009712 1 P 0 N
A 2.6430551 0.9009712 2.6430551 0.9009712 2.6230551 0.9009712 1 P 0 N
A 2.6430551 1.0009712 2.6430551 1.0009712 2.6230551 1.0009712 1 P 0 N
A 2.6430551 1.1009712 2.6430551 1.1009712 2.6230551 1.1009712 1 P 0 N
A 2.6430551 1.2009712 2.6430551 1.2009712 2.6230551 1.2009712 1 P 0 N
A 2.6430551 1.3009712 2.6430551 1.3009712 2.6230551 1.3009712 1 P 0 N
A 2.6430551 1.4009712 2.6430551 1.4009712 2.6230551 1.4009712 1 P 0 N
A 2.6430551 1.5009712 2.6430551 1.5009712 2.6230551 1.5009712 1 P 0 N
A 2.6430551 1.6009712 2.6430551 1.6009712 2.6230551 1.6009712 1 P 0 N
A 2.6430551 1.7009712 2.6430551 1.7009712 2.6230551 1.7009712 1 P 0 N
A 2.6430551 1.8009712 2.6430551 1.8009712 2.6230551 1.8009712 1 P 0 N
A 2.6430551 1.9009712 2.6430551 1.9009712 2.6230551 1.9009712 1 P 0 N
A 2.6430551 2.0009712 2.6430551 2.0009712 2.6230551 2.0009712 1 P 0 N
A 2.6430551 2.1009712 2.6430551 2.1009712 2.6230551 2.1009712 1 P 0 N
A 2.6430551 2.2009712 2.6430551 2.2009712 2.6230551 2.2009712 1 P 0 N
A 2.6430551 2.3009712 2.6430551 2.3009712 2.6230551 2.3009712 1 P 0 N
A 2.6430551 2.4009712 2.6430551 2.4009712 2.6230551 2.4009712 1 P 0 N
A 2.6430551 2.5009712 2.6430551 2.5009712 2.6230551 2.5009712 1 P 0 N
A 2.6430551 2.6009712 2.6430551 2.6009712 2.6230551 2.6009712 1 P 0 N
A 2.6430551 2.7009712 2.6430551 2.7009712 2.6230551 2.7009712 1 P 0 N
A 2.6430551 2.8009712 2.6430551 2.8009712 2.6230551 2.8009712 1 P 0 N
A 2.6430551 2.9009712 2.6430551 2.9009712 2.6230551 2.9009712 1 P 0 N
A 2.6430551 3.0009712 2.6430551 3.0009712 2.6230551 3.0009712 1 P 0 N
A 2.6430551 3.1009712 2.6430551 3.1009712 2.6230551 3.1009712 1 P 0 N
A 2.6430551 3.2009712 2.6430551 3.2009712 2.6230551 3.2009712 1 P 0 N
A 2.6430551 3.3009712 2.6430551 3.3009712 2.6230551 3.3009712 1 P 0 N
A 2.6430551 3.4009712 2.6430551 3.4009712 2.6230551 3.4009712 1 P 0 N
A 2.6430551 3.5009712 2.6430551 3.5009712 2.6230551 3.5009712 1 P 0 N
A 2.6430551 3.6009712 2.6430551 3.6009712 2.6230551 3.6009712 1 P 0 N
A 2.6430551 3.7009712 2.6430551 3.7009712 2.6230551 3.7009712 1 P 0 N
A 2.6430551 3.8009712 2.6430551 3.8009712 2.6230551 3.8009712 1 P 0 N
A 2.6430551 3.9009712 2.6430551 3.9009712 2.6230551 3.9009712 1 P 0 N
A 2.6430551 4.0009712 2.6430551 4.0009712 2.6230551 4.0009712 1 P 0 N
L 0.126499 4.18 0.126499 4.19 0 P 0
L 0.126499 4.18 0.136499 4.18 0 P 0
L 0.126499 4.19 0.136499 4.2 0 P 0
L 0.126499 4.21 0.126499 4.22 0 P 0
L 0.126499 4.21 0.136499 4.2 0 P 0
L 0.126499 4.22 0.126499 4.23 0 P 0
L 0.126499 4.22 0.136499 4.22 0 P 0
L 0.126499 4.22 0.136499 4.22 0 P 0
L 0.126499 4.23 0.136499 4.24 0 P 0
L 0.126499 4.25 0.126499 4.26 0 P 0
L 0.126499 4.25 0.136499 4.24 0 P 0
L 0.126499 4.26 0.126499 4.27 0 P 0
L 0.126499 4.26 0.136499 4.26 0 P 0
L 0.126499 4.26 0.136499 4.26 0 P 0
L 0.126499 4.27 0.136499 4.28 0 P 0
L 0.126499 4.29 0.126499 4.3 0 P 0
L 0.126499 4.29 0.136499 4.28 0 P 0
L 0.126499 4.3 0.126499 4.31 0 P 0
L 0.126499 4.3 0.136499 4.3 0 P 0
L 0.126499 4.3 0.136499 4.3 0 P 0
L 0.126499 4.31 0.136499 4.32 0 P 0
L 0.126499 4.33 0.126499 4.34 0 P 0
L 0.126499 4.33 0.136499 4.32 0 P 0
L 0.126499 4.34 0.126499 4.35 0 P 0
L 0.126499 4.34 0.136499 4.34 0 P 0
L 0.126499 4.34 0.136499 4.34 0 P 0
L 0.126499 4.35 0.136499 4.36 0 P 0
L 0.126499 4.37 0.126499 4.38 0 P 0
L 0.126499 4.37 0.136499 4.36 0 P 0
L 0.126499 4.38 0.136499 4.38 0 P 0
L 0.129499 4.693 0.129499 4.703 0 P 0
L 0.129499 4.693 0.139499 4.693 0 P 0
L 0.129499 4.703 0.139499 4.713 0 P 0
L 0.129499 4.723 0.129499 4.733 0 P 0
L 0.129499 4.723 0.139499 4.713 0 P 0
L 0.129499 4.733 0.139499 4.733 0 P 0
L 0.131499 4.455 0.131499 4.465 0 P 0
L 0.131499 4.455 0.141499 4.455 0 P 0
L 0.131499 4.465 0.141499 4.475 0 P 0
L 0.131499 4.485 0.131499 4.495 0 P 0
L 0.131499 4.485 0.141499 4.475 0 P 0
L 0.131499 4.495 0.141499 4.495 0 P 0
L 0.131499 4.575 0.131499 4.585 0 P 0
L 0.131499 4.575 0.141499 4.575 0 P 0
L 0.131499 4.585 0.141499 4.595 0 P 0
L 0.131499 4.605 0.131499 4.615 0 P 0
L 0.131499 4.605 0.141499 4.595 0 P 0
L 0.131499 4.615 0.141499 4.615 0 P 0
L 0.131499 4.81 0.131499 4.82 0 P 0
L 0.131499 4.81 0.141499 4.81 0 P 0
L 0.131499 4.82 0.141499 4.83 0 P 0
L 0.131499 4.84 0.131499 4.85 0 P 0
L 0.131499 4.84 0.141499 4.83 0 P 0
L 0.131499 4.85 0.141499 4.85 0 P 0
L 0.131499 4.8868711 0.131499 4.8968711 0 P 0
L 0.131499 4.8868711 0.141499 4.8868711 0 P 0
L 0.131499 4.8968711 0.141499 4.9068711 0 P 0
L 0.131499 4.9168711 0.131499 4.9268711 0 P 0
L 0.131499 4.9168711 0.141499 4.9068711 0 P 0
L 0.131499 4.9268711 0.131499 4.9368711 0 P 0
L 0.131499 4.9268711 0.141499 4.9268711 0 P 0
L 0.131499 4.9268711 0.141499 4.9268711 0 P 0
L 0.131499 4.9368711 0.141499 4.9468711 0 P 0
L 0.131499 4.9568711 0.131499 4.9668711 0 P 0
L 0.131499 4.9568711 0.141499 4.9468711 0 P 0
L 0.131499 4.9668711 0.131499 4.9768711 0 P 0
L 0.131499 4.9668711 0.141499 4.9668711 0 P 0
L 0.131499 4.9668711 0.141499 4.9668711 0 P 0
L 0.131499 4.9768711 0.141499 4.9868711 0 P 0
L 0.131499 4.9968711 0.131499 5.0068711 0 P 0
L 0.131499 4.9968711 0.141499 4.9868711 0 P 0
L 0.131499 5.0068711 0.131499 5.0168711 0 P 0
L 0.131499 5.0068711 0.141499 5.0068711 0 P 0
L 0.131499 5.0068711 0.141499 5.0068711 0 P 0
L 0.131499 5.0168711 0.141499 5.0268711 0 P 0
L 0.131499 5.0368711 0.131499 5.0468711 0 P 0
L 0.131499 5.0368711 0.141499 5.0268711 0 P 0
L 0.131499 5.0468711 0.131499 5.0568711 0 P 0
L 0.131499 5.0468711 0.141499 5.0468711 0 P 0
L 0.131499 5.0468711 0.141499 5.0468711 0 P 0
L 0.131499 5.0568711 0.141499 5.0668711 0 P 0
L 0.131499 5.0768711 0.131499 5.0868711 0 P 0
L 0.131499 5.0768711 0.141499 5.0668711 0 P 0
L 0.131499 5.0868711 0.131499 5.0968711 0 P 0
L 0.131499 5.0868711 0.141499 5.0868711 0 P 0
L 0.131499 5.0868711 0.141499 5.0868711 0 P 0
L 0.131499 5.0968711 0.141499 5.1068711 0 P 0
L 0.131499 5.1168711 0.131499 5.1268711 0 P 0
L 0.131499 5.1168711 0.141499 5.1068711 0 P 0
L 0.131499 5.125 0.131499 5.135 0 P 0
L 0.131499 5.125 0.141499 5.125 0 P 0
L 0.131499 5.1268711 0.141499 5.1268711 0 P 0
L 0.131499 5.135 0.141499 5.145 0 P 0
L 0.131499 5.155 0.131499 5.165 0 P 0
L 0.131499 5.155 0.141499 5.145 0 P 0
L 0.131499 5.165 0.141499 5.165 0 P 0
L 0.132499 4.8493701 0.132499 4.8593701 0 P 0
L 0.132499 4.8493701 0.142499 4.8493701 0 P 0
L 0.132499 4.8593701 0.142499 4.8693701 0 P 0
L 0.132499 4.8793701 0.132499 4.8893701 0 P 0
L 0.132499 4.8793701 0.142499 4.8693701 0 P 0
L 0.132499 4.8893701 0.142499 4.8893701 0 P 0
L 0.136499 4.18 0.146499 4.19 0 P 0
L 0.136499 4.22 0.146499 4.21 0 P 0
L 0.136499 4.22 0.146499 4.23 0 P 0
L 0.136499 4.26 0.146499 4.25 0 P 0
L 0.136499 4.26 0.146499 4.27 0 P 0
L 0.136499 4.3 0.146499 4.29 0 P 0
L 0.136499 4.3 0.146499 4.31 0 P 0
L 0.136499 4.34 0.146499 4.33 0 P 0
L 0.136499 4.34 0.146499 4.35 0 P 0
L 0.136499 4.38 0.146499 4.37 0 P 0
L 0.139499 4.693 0.149499 4.703 0 P 0
L 0.139499 4.733 0.149499 4.723 0 P 0
L 0.141499 4.455 0.151499 4.465 0 P 0
L 0.141499 4.495 0.151499 4.485 0 P 0
L 0.141499 4.575 0.151499 4.585 0 P 0
L 0.141499 4.615 0.151499 4.605 0 P 0
L 0.141499 4.81 0.151499 4.82 0 P 0
L 0.141499 4.85 0.151499 4.84 0 P 0
L 0.141499 4.8868711 0.151499 4.8968711 0 P 0
L 0.141499 4.9268711 0.151499 4.9168711 0 P 0
L 0.141499 4.9268711 0.151499 4.9368711 0 P 0
L 0.141499 4.9668711 0.151499 4.9568711 0 P 0
L 0.141499 4.9668711 0.151499 4.9768711 0 P 0
L 0.141499 5.0068711 0.151499 4.9968711 0 P 0
L 0.141499 5.0068711 0.151499 5.0168711 0 P 0
L 0.141499 5.0468711 0.151499 5.0368711 0 P 0
L 0.141499 5.0468711 0.151499 5.0568711 0 P 0
L 0.141499 5.0868711 0.151499 5.0768711 0 P 0
L 0.141499 5.0868711 0.151499 5.0968711 0 P 0
L 0.141499 5.125 0.151499 5.135 0 P 0
L 0.141499 5.1268711 0.151499 5.1168711 0 P 0
L 0.141499 5.165 0.151499 5.155 0 P 0
L 0.142499 4.8493701 0.152499 4.8593701 0 P 0
L 0.142499 4.8893701 0.152499 4.8793701 0 P 0
L 0.146499 4.19 0.156499 4.18 0 P 0
L 0.146499 4.21 0.156499 4.22 0 P 0
L 0.146499 4.23 0.156499 4.22 0 P 0
L 0.146499 4.25 0.156499 4.26 0 P 0
L 0.146499 4.27 0.156499 4.26 0 P 0
L 0.146499 4.29 0.156499 4.3 0 P 0
L 0.146499 4.31 0.156499 4.3 0 P 0
L 0.146499 4.33 0.156499 4.34 0 P 0
L 0.146499 4.35 0.156499 4.34 0 P 0
L 0.146499 4.37 0.156499 4.38 0 P 0
L 0.149499 4.703 0.159499 4.693 0 P 0
L 0.149499 4.723 0.159499 4.733 0 P 0
L 0.151499 4.465 0.161499 4.455 0 P 0
L 0.151499 4.485 0.161499 4.495 0 P 0
L 0.151499 4.585 0.161499 4.575 0 P 0
L 0.151499 4.605 0.161499 4.615 0 P 0
L 0.151499 4.82 0.161499 4.81 0 P 0
L 0.151499 4.84 0.161499 4.85 0 P 0
L 0.151499 4.8968711 0.161499 4.8868711 0 P 0
L 0.151499 4.9168711 0.161499 4.9268711 0 P 0
L 0.151499 4.9368711 0.161499 4.9268711 0 P 0
L 0.151499 4.9568711 0.161499 4.9668711 0 P 0
L 0.151499 4.9768711 0.161499 4.9668711 0 P 0
L 0.151499 4.9968711 0.161499 5.0068711 0 P 0
L 0.151499 5.0168711 0.161499 5.0068711 0 P 0
L 0.151499 5.0368711 0.161499 5.0468711 0 P 0
L 0.151499 5.0568711 0.161499 5.0468711 0 P 0
L 0.151499 5.0768711 0.161499 5.0868711 0 P 0
L 0.151499 5.0968711 0.161499 5.0868711 0 P 0
L 0.151499 5.1168711 0.161499 5.1268711 0 P 0
L 0.151499 5.135 0.161499 5.125 0 P 0
L 0.151499 5.155 0.161499 5.165 0 P 0
L 0.152499 4.8593701 0.162499 4.8493701 0 P 0
L 0.152499 4.8793701 0.162499 4.8893701 0 P 0
L 0.156499 4.18 0.166499 4.18 0 P 0
L 0.156499 4.2 0.166499 4.19 0 P 0
L 0.156499 4.2 0.166499 4.21 0 P 0
L 0.156499 4.22 0.166499 4.22 0 P 0
L 0.156499 4.22 0.166499 4.22 0 P 0
L 0.156499 4.24 0.166499 4.23 0 P 0
L 0.156499 4.24 0.166499 4.25 0 P 0
L 0.156499 4.26 0.166499 4.26 0 P 0
L 0.156499 4.26 0.166499 4.26 0 P 0
L 0.156499 4.28 0.166499 4.27 0 P 0
L 0.156499 4.28 0.166499 4.29 0 P 0
L 0.156499 4.3 0.166499 4.3 0 P 0
L 0.156499 4.3 0.166499 4.3 0 P 0
L 0.156499 4.32 0.166499 4.31 0 P 0
L 0.156499 4.32 0.166499 4.33 0 P 0
L 0.156499 4.34 0.166499 4.34 0 P 0
L 0.156499 4.34 0.166499 4.34 0 P 0
L 0.156499 4.36 0.166499 4.35 0 P 0
L 0.156499 4.36 0.166499 4.37 0 P 0
L 0.156499 4.38 0.166499 4.38 0 P 0
L 0.159499 4.693 0.169499 4.693 0 P 0
L 0.159499 4.713 0.169499 4.703 0 P 0
L 0.159499 4.713 0.169499 4.723 0 P 0
L 0.159499 4.733 0.169499 4.733 0 P 0
L 0.161499 4.455 0.171499 4.455 0 P 0
L 0.161499 4.475 0.171499 4.465 0 P 0
L 0.161499 4.475 0.171499 4.485 0 P 0
L 0.161499 4.495 0.171499 4.495 0 P 0
L 0.161499 4.575 0.171499 4.575 0 P 0
L 0.161499 4.595 0.171499 4.585 0 P 0
L 0.161499 4.595 0.171499 4.605 0 P 0
L 0.161499 4.615 0.171499 4.615 0 P 0
L 0.161499 4.81 0.171499 4.81 0 P 0
L 0.161499 4.83 0.171499 4.82 0 P 0
L 0.161499 4.83 0.171499 4.84 0 P 0
L 0.161499 4.85 0.171499 4.85 0 P 0
L 0.161499 4.8868711 0.171499 4.8868711 0 P 0
L 0.161499 4.9068711 0.171499 4.8968711 0 P 0
L 0.161499 4.9068711 0.171499 4.9168711 0 P 0
L 0.161499 4.9268711 0.171499 4.9268711 0 P 0
L 0.161499 4.9268711 0.171499 4.9268711 0 P 0
L 0.161499 4.9468711 0.171499 4.9368711 0 P 0
L 0.161499 4.9468711 0.171499 4.9568711 0 P 0
L 0.161499 4.9668711 0.171499 4.9668711 0 P 0
L 0.161499 4.9668711 0.171499 4.9668711 0 P 0
L 0.161499 4.9868711 0.171499 4.9768711 0 P 0
L 0.161499 4.9868711 0.171499 4.9968711 0 P 0
L 0.161499 5.0068711 0.171499 5.0068711 0 P 0
L 0.161499 5.0068711 0.171499 5.0068711 0 P 0
L 0.161499 5.0268711 0.171499 5.0168711 0 P 0
L 0.161499 5.0268711 0.171499 5.0368711 0 P 0
L 0.161499 5.0468711 0.171499 5.0468711 0 P 0
L 0.161499 5.0468711 0.171499 5.0468711 0 P 0
L 0.161499 5.0668711 0.171499 5.0568711 0 P 0
L 0.161499 5.0668711 0.171499 5.0768711 0 P 0
L 0.161499 5.0868711 0.171499 5.0868711 0 P 0
L 0.161499 5.0868711 0.171499 5.0868711 0 P 0
L 0.161499 5.1068711 0.171499 5.0968711 0 P 0
L 0.161499 5.1068711 0.171499 5.1168711 0 P 0
L 0.161499 5.125 0.171499 5.125 0 P 0
L 0.161499 5.1268711 0.171499 5.1268711 0 P 0
L 0.161499 5.145 0.171499 5.135 0 P 0
L 0.161499 5.145 0.171499 5.155 0 P 0
L 0.161499 5.165 0.171499 5.165 0 P 0
L 0.162499 4.8493701 0.172499 4.8493701 0 P 0
L 0.162499 4.8693701 0.172499 4.8593701 0 P 0
L 0.162499 4.8693701 0.172499 4.8793701 0 P 0
L 0.162499 4.8893701 0.172499 4.8893701 0 P 0
L 0.166499 4.18 0.166499 4.19 0 P 0
L 0.166499 4.21 0.166499 4.22 0 P 0
L 0.166499 4.22 0.166499 4.23 0 P 0
L 0.166499 4.25 0.166499 4.26 0 P 0
L 0.166499 4.26 0.166499 4.27 0 P 0
L 0.166499 4.29 0.166499 4.3 0 P 0
L 0.166499 4.3 0.166499 4.31 0 P 0
L 0.166499 4.33 0.166499 4.34 0 P 0
L 0.166499 4.34 0.166499 4.35 0 P 0
L 0.166499 4.37 0.166499 4.38 0 P 0
L 0.1666772 4.734 0.1666772 4.744 0 P 0
L 0.1666772 4.734 0.1766772 4.734 0 P 0
L 0.1666772 4.744 0.1766772 4.754 0 P 0
L 0.1666772 4.764 0.1666772 4.774 0 P 0
L 0.1666772 4.764 0.1766772 4.754 0 P 0
L 0.1666772 4.774 0.1766772 4.774 0 P 0
L 0.169499 4.693 0.169499 4.703 0 P 0
L 0.169499 4.723 0.169499 4.733 0 P 0
L 0.171499 4.455 0.171499 4.465 0 P 0
L 0.171499 4.485 0.171499 4.495 0 P 0
L 0.171499 4.575 0.171499 4.585 0 P 0
L 0.171499 4.605 0.171499 4.615 0 P 0
L 0.171499 4.81 0.171499 4.82 0 P 0
L 0.171499 4.84 0.171499 4.85 0 P 0
L 0.171499 4.8868711 0.171499 4.8968711 0 P 0
L 0.171499 4.9168711 0.171499 4.9268711 0 P 0
L 0.171499 4.9268711 0.171499 4.9368711 0 P 0
L 0.171499 4.9568711 0.171499 4.9668711 0 P 0
L 0.171499 4.9668711 0.171499 4.9768711 0 P 0
L 0.171499 4.9968711 0.171499 5.0068711 0 P 0
L 0.171499 5.0068711 0.171499 5.0168711 0 P 0
L 0.171499 5.0368711 0.171499 5.0468711 0 P 0
L 0.171499 5.0468711 0.171499 5.0568711 0 P 0
L 0.171499 5.0768711 0.171499 5.0868711 0 P 0
L 0.171499 5.0868711 0.171499 5.0968711 0 P 0
L 0.171499 5.1168711 0.171499 5.1268711 0 P 0
L 0.171499 5.125 0.171499 5.135 0 P 0
L 0.171499 5.155 0.171499 5.165 0 P 0
L 0.172499 4.8493701 0.172499 4.8593701 0 P 0
L 0.172499 4.8793701 0.172499 4.8893701 0 P 0
L 0.1766772 4.734 0.1866772 4.744 0 P 0
L 0.1766772 4.774 0.1866772 4.764 0 P 0
L 0.1866772 4.744 0.1966772 4.734 0 P 0
L 0.1866772 4.764 0.1966772 4.774 0 P 0
L 0.1966772 4.734 0.2066772 4.734 0 P 0
L 0.1966772 4.754 0.2066772 4.744 0 P 0
L 0.1966772 4.754 0.2066772 4.764 0 P 0
L 0.1966772 4.774 0.2066772 4.774 0 P 0
L 0.205 4.385 0.225 4.365 0 P 0
L 0.205 4.385 0.225 4.405 0 P 0
L 0.205 4.437501 0.225 4.417501 0 P 0
L 0.205 4.437501 0.225 4.457501 0 P 0
L 0.205 4.502 0.225 4.482 0 P 0
L 0.205 4.502 0.225 4.522 0 P 0
L 0.2066772 4.734 0.2066772 4.744 0 P 0
L 0.2066772 4.764 0.2066772 4.774 0 P 0
L 0.21331 4.55569 0.23331 4.53569 0 P 0
L 0.21331 4.55569 0.23331 4.57569 0 P 0
L 0.214 4.609 0.234 4.589 0 P 0
L 0.214 4.609 0.234 4.629 0 P 0
L 0.214 4.6738002 0.234 4.6538002 0 P 0
L 0.214 4.6738002 0.234 4.6938002 0 P 0
L 0.225 4.365 0.245 4.385 0 P 0
L 0.225 4.405 0.245 4.385 0 P 0
L 0.225 4.417501 0.245 4.437501 0 P 0
L 0.225 4.457501 0.245 4.437501 0 P 0
L 0.225 4.482 0.245 4.502 0 P 0
L 0.225 4.522 0.245 4.502 0 P 0
L 0.23331 4.53569 0.25331 4.55569 0 P 0
L 0.23331 4.57569 0.25331 4.55569 0 P 0
L 0.234 4.589 0.254 4.609 0 P 0
L 0.234 4.629 0.254 4.609 0 P 0
L 0.234 4.6538002 0.254 4.6738002 0 P 0
L 0.234 4.6938002 0.254 4.6738002 0 P 0
L 0.351499 4.18 0.351499 4.19 0 P 0
L 0.351499 4.18 0.361499 4.18 0 P 0
L 0.351499 4.19 0.361499 4.2 0 P 0
L 0.351499 4.21 0.351499 4.22 0 P 0
L 0.351499 4.21 0.361499 4.2 0 P 0
L 0.351499 4.22 0.361499 4.22 0 P 0
L 0.351499 4.415 0.351499 4.425 0 P 0
L 0.351499 4.415 0.361499 4.415 0 P 0
L 0.351499 4.425 0.361499 4.435 0 P 0
L 0.351499 4.445 0.351499 4.455 0 P 0
L 0.351499 4.445 0.361499 4.435 0 P 0
L 0.351499 4.455 0.361499 4.455 0 P 0
L 0.356499 4.535 0.356499 4.545 0 P 0
L 0.356499 4.535 0.366499 4.535 0 P 0
L 0.356499 4.545 0.366499 4.555 0 P 0
L 0.356499 4.565 0.356499 4.575 0 P 0
L 0.356499 4.565 0.366499 4.555 0 P 0
L 0.356499 4.575 0.366499 4.575 0 P 0
L 0.361499 4.18 0.371499 4.19 0 P 0
L 0.361499 4.22 0.371499 4.21 0 P 0
L 0.361499 4.415 0.371499 4.425 0 P 0
L 0.361499 4.455 0.371499 4.445 0 P 0
L 0.361499 4.65 0.361499 4.66 0 P 0
L 0.361499 4.65 0.371499 4.65 0 P 0
L 0.361499 4.66 0.371499 4.67 0 P 0
L 0.361499 4.68 0.361499 4.69 0 P 0
L 0.361499 4.68 0.371499 4.67 0 P 0
L 0.361499 4.69 0.371499 4.69 0 P 0
L 0.361499 4.77 0.361499 4.78 0 P 0
L 0.361499 4.77 0.371499 4.77 0 P 0
L 0.361499 4.78 0.371499 4.79 0 P 0
L 0.361499 4.8 0.361499 4.81 0 P 0
L 0.361499 4.8 0.371499 4.79 0 P 0
L 0.361499 4.81 0.371499 4.81 0 P 0
L 0.366499 4.535 0.376499 4.545 0 P 0
L 0.366499 4.575 0.376499 4.565 0 P 0
L 0.371 4.989 0.391 4.969 0 P 0
L 0.371 4.989 0.391 5.009 0 P 0
L 0.371499 4.19 0.381499 4.18 0 P 0
L 0.371499 4.21 0.381499 4.22 0 P 0
L 0.371499 4.425 0.381499 4.415 0 P 0
L 0.371499 4.445 0.381499 4.455 0 P 0
L 0.371499 4.65 0.381499 4.66 0 P 0
L 0.371499 4.69 0.381499 4.68 0 P 0
L 0.371499 4.77 0.381499 4.78 0 P 0
L 0.371499 4.81 0.381499 4.8 0 P 0
L 0.376499 4.545 0.386499 4.535 0 P 0
L 0.376499 4.565 0.386499 4.575 0 P 0
L 0.381499 4.18 0.391499 4.18 0 P 0
L 0.381499 4.2 0.391499 4.19 0 P 0
L 0.381499 4.2 0.391499 4.21 0 P 0
L 0.381499 4.22 0.391499 4.22 0 P 0
L 0.381499 4.415 0.391499 4.415 0 P 0
L 0.381499 4.435 0.391499 4.425 0 P 0
L 0.381499 4.435 0.391499 4.445 0 P 0
L 0.381499 4.455 0.391499 4.455 0 P 0
L 0.381499 4.66 0.391499 4.65 0 P 0
L 0.381499 4.68 0.391499 4.69 0 P 0
L 0.381499 4.78 0.391499 4.77 0 P 0
L 0.381499 4.8 0.391499 4.81 0 P 0
L 0.386499 4.535 0.396499 4.535 0 P 0
L 0.386499 4.555 0.396499 4.545 0 P 0
L 0.386499 4.555 0.396499 4.565 0 P 0
L 0.386499 4.575 0.396499 4.575 0 P 0
L 0.391 4.969 0.411 4.989 0 P 0
L 0.391 5.009 0.411 4.989 0 P 0
L 0.391499 4.18 0.391499 4.19 0 P 0
L 0.391499 4.21 0.391499 4.22 0 P 0
L 0.391499 4.415 0.391499 4.425 0 P 0
L 0.391499 4.445 0.391499 4.455 0 P 0
L 0.391499 4.65 0.401499 4.65 0 P 0
L 0.391499 4.67 0.401499 4.66 0 P 0
L 0.391499 4.67 0.401499 4.68 0 P 0
L 0.391499 4.69 0.401499 4.69 0 P 0
L 0.391499 4.77 0.401499 4.77 0 P 0
L 0.391499 4.79 0.401499 4.78 0 P 0
L 0.391499 4.79 0.401499 4.8 0 P 0
L 0.391499 4.81 0.401499 4.81 0 P 0
L 0.396499 4.535 0.396499 4.545 0 P 0
L 0.396499 4.565 0.396499 4.575 0 P 0
L 0.401499 4.65 0.401499 4.66 0 P 0
L 0.401499 4.68 0.401499 4.69 0 P 0
L 0.401499 4.77 0.401499 4.78 0 P 0
L 0.401499 4.8 0.401499 4.81 0 P 0
L 0.406 0.217 0.406 0.257 0 P 0
L 0.406 0.217 0.446 0.217 0 P 0
L 0.406 0.257 0.446 0.257 0 P 0
L 0.406 0.4138504 0.406 0.4538504 0 P 0
L 0.406 0.4138504 0.446 0.4138504 0 P 0
L 0.406 0.4538504 0.446 0.4538504 0 P 0
L 0.446 0.217 0.446 0.257 0 P 0
L 0.446 0.4138504 0.446 0.4538504 0 P 0
L 0.448 3.621797 0.448 3.631797 0 P 0
L 0.448 3.621797 0.458 3.621797 0 P 0
L 0.448 3.631797 0.458 3.641797 0 P 0
L 0.448 3.651797 0.448 3.661797 0 P 0
L 0.448 3.651797 0.458 3.641797 0 P 0
L 0.448 3.661797 0.458 3.661797 0 P 0
L 0.452 5.055 0.452 5.065 0 P 0
L 0.452 5.055 0.462 5.055 0 P 0
L 0.452 5.065 0.462 5.075 0 P 0
L 0.452 5.085 0.452 5.095 0 P 0
L 0.452 5.085 0.462 5.075 0 P 0
L 0.452 5.095 0.462 5.095 0 P 0
L 0.458 3.621797 0.468 3.631797 0 P 0
L 0.458 3.661797 0.468 3.651797 0 P 0
L 0.462 5.055 0.472 5.065 0 P 0
L 0.462 5.095 0.472 5.085 0 P 0
L 0.468 3.631797 0.478 3.621797 0 P 0
L 0.468 3.651797 0.478 3.661797 0 P 0
L 0.472 5.065 0.482 5.055 0 P 0
L 0.472 5.085 0.482 5.095 0 P 0
L 0.478 3.621797 0.488 3.621797 0 P 0
L 0.478 3.641797 0.488 3.631797 0 P 0
L 0.478 3.641797 0.488 3.651797 0 P 0
L 0.478 3.661797 0.488 3.661797 0 P 0
L 0.482 5.055 0.492 5.055 0 P 0
L 0.482 5.075 0.492 5.065 0 P 0
L 0.482 5.075 0.492 5.085 0 P 0
L 0.482 5.095 0.492 5.095 0 P 0
L 0.4863464 5.0868711 0.4863464 5.0968711 0 P 0
L 0.4863464 5.0868711 0.4963464 5.0868711 0 P 0
L 0.4863464 5.0968711 0.4963464 5.1068711 0 P 0
L 0.4863464 5.1168711 0.4863464 5.1268711 0 P 0
L 0.4863464 5.1168711 0.4963464 5.1068711 0 P 0
L 0.4863464 5.1268711 0.4963464 5.1268711 0 P 0
L 0.488 3.621797 0.488 3.631797 0 P 0
L 0.488 3.651797 0.488 3.661797 0 P 0
L 0.49 3.713797 0.49 3.723797 0 P 0
L 0.49 3.713797 0.5 3.713797 0 P 0
L 0.49 3.723797 0.5 3.733797 0 P 0
L 0.49 3.743797 0.49 3.753797 0 P 0
L 0.49 3.743797 0.5 3.733797 0 P 0
L 0.49 3.753797 0.5 3.753797 0 P 0
L 0.492 5.055 0.492 5.065 0 P 0
L 0.492 5.085 0.492 5.095 0 P 0
L 0.4963464 5.0868711 0.5063464 5.0968711 0 P 0
L 0.4963464 5.1268711 0.5063464 5.1168711 0 P 0
L 0.5 3.713797 0.51 3.723797 0 P 0
L 0.5 3.753797 0.51 3.743797 0 P 0
L 0.5063464 5.0968711 0.5163464 5.0868711 0 P 0
L 0.5063464 5.1168711 0.5163464 5.1268711 0 P 0
L 0.51 3.723797 0.52 3.713797 0 P 0
L 0.51 3.743797 0.52 3.753797 0 P 0
L 0.513 5.133 0.513 5.143 0 P 0
L 0.513 5.133 0.523 5.133 0 P 0
L 0.513 5.143 0.523 5.153 0 P 0
L 0.513 5.163 0.513 5.173 0 P 0
L 0.513 5.163 0.523 5.153 0 P 0
L 0.513 5.173 0.523 5.173 0 P 0
L 0.516 1.1411181 0.516 1.1811181 0 P 0
L 0.516 1.1411181 0.556 1.1411181 0 P 0
L 0.516 1.1811181 0.556 1.1811181 0 P 0
L 0.516 1.3379685 0.516 1.3779685 0 P 0
L 0.516 1.3379685 0.556 1.3379685 0 P 0
L 0.516 1.3779685 0.556 1.3779685 0 P 0
L 0.5163464 5.0868711 0.5263464 5.0868711 0 P 0
L 0.5163464 5.1068711 0.5263464 5.0968711 0 P 0
L 0.5163464 5.1068711 0.5263464 5.1168711 0 P 0
L 0.5163464 5.1268711 0.5263464 5.1268711 0 P 0
L 0.518 2.57 0.528 2.59 0 P 0
L 0.518 2.57 0.538 2.58 0 P 0
L 0.518 2.61 0.528 2.59 0 P 0
L 0.518 2.61 0.538 2.6 0 P 0
L 0.52 3.713797 0.53 3.713797 0 P 0
L 0.52 3.733797 0.53 3.723797 0 P 0
L 0.52 3.733797 0.53 3.743797 0 P 0
L 0.52 3.753797 0.53 3.753797 0 P 0
L 0.523 5.133 0.533 5.143 0 P 0
L 0.523 5.173 0.533 5.163 0 P 0
L 0.5263464 5.0868711 0.5263464 5.0968711 0 P 0
L 0.5263464 5.1168711 0.5263464 5.1268711 0 P 0
L 0.53 3.713797 0.53 3.723797 0 P 0
L 0.53 3.743797 0.53 3.753797 0 P 0
L 0.53 4.43 0.53 4.44 0 P 0
L 0.53 4.43 0.54 4.43 0 P 0
L 0.53 4.44 0.54 4.45 0 P 0
L 0.53 4.46 0.53 4.47 0 P 0
L 0.53 4.46 0.54 4.45 0 P 0
L 0.53 4.47 0.54 4.47 0 P 0
L 0.53 4.6144301 0.53 4.6244301 0 P 0
L 0.53 4.6144301 0.54 4.6144301 0 P 0
L 0.53 4.6244301 0.54 4.6344301 0 P 0
L 0.53 4.6444301 0.53 4.6544301 0 P 0
L 0.53 4.6444301 0.54 4.6344301 0 P 0
L 0.53 4.6544301 0.54 4.6544301 0 P 0
L 0.533 5.143 0.543 5.133 0 P 0
L 0.533 5.163 0.543 5.173 0 P 0
L 0.538 2.58 0.558 2.57 0 P 0
L 0.538 2.6 0.558 2.61 0 P 0
L 0.54 4.43 0.55 4.44 0 P 0
L 0.54 4.47 0.55 4.46 0 P 0
L 0.54 4.6144301 0.55 4.6244301 0 P 0
L 0.54 4.6544301 0.55 4.6444301 0 P 0
L 0.543 5.133 0.553 5.133 0 P 0
L 0.543 5.153 0.553 5.143 0 P 0
L 0.543 5.153 0.553 5.163 0 P 0
L 0.543 5.173 0.553 5.173 0 P 0
L 0.548 2.59 0.558 2.57 0 P 0
L 0.548 2.59 0.558 2.61 0 P 0
L 0.55 4.44 0.56 4.43 0 P 0
L 0.55 4.46 0.56 4.47 0 P 0
L 0.55 4.6244301 0.56 4.6144301 0 P 0
L 0.55 4.6444301 0.56 4.6544301 0 P 0
L 0.553 5.133 0.553 5.143 0 P 0
L 0.553 5.163 0.553 5.173 0 P 0
L 0.556 1.1411181 0.556 1.1811181 0 P 0
L 0.556 1.3379685 0.556 1.3779685 0 P 0
L 0.56 4.43 0.57 4.43 0 P 0
L 0.56 4.45 0.57 4.44 0 P 0
L 0.56 4.45 0.57 4.46 0 P 0
L 0.56 4.47 0.57 4.47 0 P 0
L 0.56 4.6144301 0.57 4.6144301 0 P 0
L 0.56 4.6344301 0.57 4.6244301 0 P 0
L 0.56 4.6344301 0.57 4.6444301 0 P 0
L 0.56 4.6544301 0.57 4.6544301 0 P 0
L 0.57 4.43 0.57 4.44 0 P 0
L 0.57 4.46 0.57 4.47 0 P 0
L 0.57 4.6144301 0.57 4.6244301 0 P 0
L 0.57 4.6444301 0.57 4.6544301 0 P 0
L 0.57 4.69 0.57 4.7 0 P 0
L 0.57 4.69 0.58 4.69 0 P 0
L 0.57 4.7 0.58 4.71 0 P 0
L 0.57 4.72 0.57 4.73 0 P 0
L 0.57 4.72 0.58 4.71 0 P 0
L 0.57 4.73 0.58 4.73 0 P 0
L 0.58 4.43 0.58 4.44 0 P 0
L 0.58 4.43 0.59 4.43 0 P 0
L 0.58 4.44 0.59 4.45 0 P 0
L 0.58 4.46 0.58 4.47 0 P 0
L 0.58 4.46 0.59 4.45 0 P 0
L 0.58 4.47 0.59 4.47 0 P 0
L 0.58 4.69 0.59 4.7 0 P 0
L 0.58 4.73 0.59 4.72 0 P 0
L 0.582 3.116 0.582 3.126 0 P 0
L 0.582 3.116 0.592 3.116 0 P 0
L 0.582 3.126 0.592 3.136 0 P 0
L 0.582 3.146 0.582 3.156 0 P 0
L 0.582 3.146 0.592 3.136 0 P 0
L 0.582 3.156 0.592 3.156 0 P 0
L 0.59 4.43 0.6 4.44 0 P 0
L 0.59 4.47 0.6 4.46 0 P 0
L 0.59 4.7 0.6 4.69 0 P 0
L 0.59 4.72 0.6 4.73 0 P 0
L 0.592 3.116 0.602 3.126 0 P 0
L 0.592 3.156 0.602 3.146 0 P 0
L 0.6 4.44 0.61 4.43 0 P 0
L 0.6 4.46 0.61 4.47 0 P 0
L 0.6 4.69 0.61 4.69 0 P 0
L 0.6 4.71 0.61 4.7 0 P 0
L 0.6 4.71 0.61 4.72 0 P 0
L 0.6 4.73 0.61 4.73 0 P 0
L 0.602 3.126 0.612 3.116 0 P 0
L 0.602 3.146 0.612 3.156 0 P 0
L 0.61 4.43 0.62 4.43 0 P 0
L 0.61 4.45 0.62 4.44 0 P 0
L 0.61 4.45 0.62 4.46 0 P 0
L 0.61 4.47 0.62 4.47 0 P 0
L 0.61 4.69 0.61 4.7 0 P 0
L 0.61 4.72 0.61 4.73 0 P 0
L 0.612 3.116 0.622 3.116 0 P 0
L 0.612 3.136 0.622 3.126 0 P 0
L 0.612 3.136 0.622 3.146 0 P 0
L 0.612 3.156 0.622 3.156 0 P 0
L 0.616 2.571 0.626 2.591 0 P 0
L 0.616 2.571 0.636 2.581 0 P 0
L 0.616 2.611 0.626 2.591 0 P 0
L 0.616 2.611 0.636 2.601 0 P 0
L 0.62 4.43 0.62 4.44 0 P 0
L 0.62 4.46 0.62 4.47 0 P 0
L 0.622 3.116 0.622 3.126 0 P 0
L 0.622 3.146 0.622 3.156 0 P 0
L 0.63 4.734 0.63 4.744 0 P 0
L 0.63 4.734 0.64 4.734 0 P 0
L 0.63 4.744 0.64 4.754 0 P 0
L 0.63 4.764 0.63 4.774 0 P 0
L 0.63 4.764 0.64 4.754 0 P 0
L 0.63 4.774 0.64 4.774 0 P 0
L 0.636 2.581 0.656 2.571 0 P 0
L 0.636 2.601 0.656 2.611 0 P 0
L 0.64 4.4853464 0.64 4.4953464 0 P 0
L 0.64 4.4853464 0.65 4.4853464 0 P 0
L 0.64 4.4953464 0.65 4.5053464 0 P 0
L 0.64 4.5153464 0.64 4.5253464 0 P 0
L 0.64 4.5153464 0.65 4.5053464 0 P 0
L 0.64 4.5253464 0.65 4.5253464 0 P 0
L 0.64 4.734 0.65 4.744 0 P 0
L 0.64 4.774 0.65 4.764 0 P 0
L 0.646 2.591 0.656 2.571 0 P 0
L 0.646 2.591 0.656 2.611 0 P 0
L 0.65 4.4853464 0.66 4.4953464 0 P 0
L 0.65 4.5253464 0.66 4.5153464 0 P 0
L 0.65 4.744 0.66 4.734 0 P 0
L 0.65 4.764 0.66 4.774 0 P 0
L 0.66 4.4953464 0.67 4.4853464 0 P 0
L 0.66 4.5153464 0.67 4.5253464 0 P 0
L 0.66 4.734 0.67 4.734 0 P 0
L 0.66 4.754 0.67 4.744 0 P 0
L 0.66 4.754 0.67 4.764 0 P 0
L 0.66 4.774 0.67 4.774 0 P 0
L 0.67 4.4853464 0.68 4.4853464 0 P 0
L 0.67 4.5053464 0.68 4.4953464 0 P 0
L 0.67 4.5053464 0.68 4.5153464 0 P 0
L 0.67 4.5253464 0.68 4.5253464 0 P 0
L 0.67 4.734 0.67 4.744 0 P 0
L 0.67 4.764 0.67 4.774 0 P 0
L 0.68 4.4853464 0.68 4.4953464 0 P 0
L 0.68 4.5153464 0.68 4.5253464 0 P 0
L 0.7059347 4.062 0.7059347 4.072 0 P 0
L 0.7059347 4.062 0.7159347 4.062 0 P 0
L 0.7059347 4.072 0.7159347 4.082 0 P 0
L 0.7059347 4.092 0.7059347 4.102 0 P 0
L 0.7059347 4.092 0.7159347 4.082 0 P 0
L 0.7059347 4.102 0.7159347 4.102 0 P 0
L 0.7159347 4.062 0.7259347 4.072 0 P 0
L 0.7159347 4.102 0.7259347 4.092 0 P 0
L 0.724929 2.94 0.724929 2.96 0 P 0
L 0.724929 2.94 0.734929 2.94 0 P 0
L 0.724929 2.96 0.734929 2.96 0 P 0
L 0.724929 3.04 0.724929 3.06 0 P 0
L 0.724929 3.04 0.734929 3.04 0 P 0
L 0.724929 3.06 0.734929 3.06 0 P 0
L 0.724929 3.14 0.724929 3.16 0 P 0
L 0.724929 3.14 0.734929 3.14 0 P 0
L 0.724929 3.16 0.734929 3.16 0 P 0
L 0.7259347 4.072 0.7359347 4.062 0 P 0
L 0.7259347 4.092 0.7359347 4.102 0 P 0
L 0.734929 2.93 0.734929 2.94 0 P 0
L 0.734929 2.93 0.754929 2.93 0 P 0
L 0.734929 2.96 0.734929 2.97 0 P 0
L 0.734929 2.97 0.754929 2.97 0 P 0
L 0.734929 3.03 0.734929 3.04 0 P 0
L 0.734929 3.03 0.754929 3.03 0 P 0
L 0.734929 3.06 0.734929 3.07 0 P 0
L 0.734929 3.07 0.754929 3.07 0 P 0
L 0.734929 3.13 0.734929 3.14 0 P 0
L 0.734929 3.13 0.754929 3.13 0 P 0
L 0.734929 3.16 0.734929 3.17 0 P 0
L 0.734929 3.17 0.754929 3.17 0 P 0
L 0.7359347 4.062 0.7459347 4.062 0 P 0
L 0.7359347 4.082 0.7459347 4.072 0 P 0
L 0.7359347 4.082 0.7459347 4.092 0 P 0
L 0.7359347 4.102 0.7459347 4.102 0 P 0
L 0.736 4.161 0.736 4.171 0 P 0
L 0.736 4.161 0.746 4.161 0 P 0
L 0.736 4.171 0.746 4.181 0 P 0
L 0.736 4.191 0.736 4.201 0 P 0
L 0.736 4.191 0.746 4.181 0 P 0
L 0.736 4.201 0.746 4.201 0 P 0
L 0.7459347 4.062 0.7459347 4.072 0 P 0
L 0.7459347 4.092 0.7459347 4.102 0 P 0
L 0.746 4.161 0.756 4.171 0 P 0
L 0.746 4.201 0.756 4.191 0 P 0
L 0.751 1.932 0.761 1.932 0 P 0
L 0.751 1.932 0.761 1.942 0 P 0
L 0.751 1.952 0.761 1.942 0 P 0
L 0.751 1.952 0.761 1.952 0 P 0
L 0.751 2.032 0.761 2.032 0 P 0
L 0.751 2.032 0.761 2.042 0 P 0
L 0.751 2.052 0.761 2.042 0 P 0
L 0.751 2.052 0.761 2.052 0 P 0
L 0.754929 2.93 0.754929 2.94 0 P 0
L 0.754929 2.94 0.764929 2.94 0 P 0
L 0.754929 2.96 0.754929 2.97 0 P 0
L 0.754929 2.96 0.764929 2.96 0 P 0
L 0.754929 3.03 0.754929 3.04 0 P 0
L 0.754929 3.04 0.764929 3.04 0 P 0
L 0.754929 3.06 0.754929 3.07 0 P 0
L 0.754929 3.06 0.764929 3.06 0 P 0
L 0.754929 3.13 0.754929 3.14 0 P 0
L 0.754929 3.14 0.764929 3.14 0 P 0
L 0.754929 3.16 0.754929 3.17 0 P 0
L 0.754929 3.16 0.764929 3.16 0 P 0
L 0.756 4.171 0.766 4.161 0 P 0
L 0.756 4.191 0.766 4.201 0 P 0
L 0.761 1.932 0.771 1.922 0 P 0
L 0.761 1.952 0.771 1.962 0 P 0
L 0.761 2.032 0.771 2.022 0 P 0
L 0.761 2.052 0.771 2.062 0 P 0
L 0.764929 2.94 0.764929 2.96 0 P 0
L 0.764929 3.04 0.764929 3.06 0 P 0
L 0.764929 3.14 0.764929 3.16 0 P 0
L 0.766 4.161 0.776 4.161 0 P 0
L 0.766 4.181 0.776 4.171 0 P 0
L 0.766 4.181 0.776 4.191 0 P 0
L 0.766 4.201 0.776 4.201 0 P 0
L 0.771 1.922 0.781 1.932 0 P 0
L 0.771 1.962 0.781 1.952 0 P 0
L 0.771 2.022 0.781 2.032 0 P 0
L 0.771 2.062 0.781 2.052 0 P 0
L 0.776 4.161 0.776 4.171 0 P 0
L 0.776 4.191 0.776 4.201 0 P 0
L 0.781 1.932 0.791 1.932 0 P 0
L 0.781 1.942 0.791 1.932 0 P 0
L 0.781 1.942 0.791 1.952 0 P 0
L 0.781 1.952 0.791 1.952 0 P 0
L 0.781 2.032 0.791 2.032 0 P 0
L 0.781 2.042 0.791 2.032 0 P 0
L 0.781 2.042 0.791 2.052 0 P 0
L 0.781 2.052 0.791 2.052 0 P 0
L 0.783 4.482 0.783 4.492 0 P 0
L 0.783 4.482 0.793 4.482 0 P 0
L 0.783 4.492 0.793 4.502 0 P 0
L 0.783 4.512 0.783 4.522 0 P 0
L 0.783 4.512 0.793 4.502 0 P 0
L 0.783 4.522 0.793 4.522 0 P 0
L 0.793 4.482 0.803 4.492 0 P 0
L 0.793 4.522 0.803 4.512 0 P 0
L 0.801 1.982 0.811 1.982 0 P 0
L 0.801 1.982 0.811 1.992 0 P 0
L 0.801 2.002 0.811 1.992 0 P 0
L 0.801 2.002 0.811 2.002 0 P 0
L 0.803 4.492 0.813 4.482 0 P 0
L 0.803 4.512 0.813 4.522 0 P 0
L 0.811 1.982 0.821 1.972 0 P 0
L 0.811 2.002 0.821 2.012 0 P 0
L 0.811 5.133 0.811 5.143 0 P 0
L 0.811 5.133 0.821 5.133 0 P 0
L 0.811 5.143 0.821 5.153 0 P 0
L 0.811 5.163 0.811 5.173 0 P 0
L 0.811 5.163 0.821 5.153 0 P 0
L 0.811 5.173 0.821 5.173 0 P 0
L 0.813 4.482 0.823 4.482 0 P 0
L 0.813 4.502 0.823 4.492 0 P 0
L 0.813 4.502 0.823 4.512 0 P 0
L 0.813 4.522 0.823 4.522 0 P 0
L 0.821 1.972 0.831 1.982 0 P 0
L 0.821 2.012 0.831 2.002 0 P 0
L 0.821 5.133 0.831 5.143 0 P 0
L 0.821 5.173 0.831 5.163 0 P 0
L 0.823 4.482 0.823 4.492 0 P 0
L 0.823 4.512 0.823 4.522 0 P 0
L 0.831 1.982 0.841 1.982 0 P 0
L 0.831 1.992 0.841 1.982 0 P 0
L 0.831 1.992 0.841 2.002 0 P 0
L 0.831 2.002 0.841 2.002 0 P 0
L 0.831 5.143 0.841 5.133 0 P 0
L 0.831 5.163 0.841 5.173 0 P 0
L 0.834 4.43 0.834 4.44 0 P 0
L 0.834 4.43 0.844 4.43 0 P 0
L 0.834 4.44 0.844 4.45 0 P 0
L 0.834 4.46 0.834 4.47 0 P 0
L 0.834 4.46 0.844 4.45 0 P 0
L 0.834 4.47 0.844 4.47 0 P 0
L 0.841 5.133 0.851 5.133 0 P 0
L 0.841 5.153 0.851 5.143 0 P 0
L 0.841 5.153 0.851 5.163 0 P 0
L 0.841 5.173 0.851 5.173 0 P 0
L 0.844 4.43 0.854 4.44 0 P 0
L 0.844 4.47 0.854 4.46 0 P 0
L 0.851 1.932 0.861 1.932 0 P 0
L 0.851 1.932 0.861 1.942 0 P 0
L 0.851 1.952 0.861 1.942 0 P 0
L 0.851 1.952 0.861 1.952 0 P 0
L 0.851 2.032 0.861 2.032 0 P 0
L 0.851 2.032 0.861 2.042 0 P 0
L 0.851 2.052 0.861 2.042 0 P 0
L 0.851 2.052 0.861 2.052 0 P 0
L 0.851 5.133 0.851 5.143 0 P 0
L 0.851 5.163 0.851 5.173 0 P 0
L 0.854 4.44 0.864 4.43 0 P 0
L 0.854 4.46 0.864 4.47 0 P 0
L 0.86 4.81 0.86 4.82 0 P 0
L 0.86 4.81 0.87 4.81 0 P 0
L 0.86 4.82 0.87 4.83 0 P 0
L 0.86 4.84 0.86 4.85 0 P 0
L 0.86 4.84 0.87 4.83 0 P 0
L 0.86 4.85 0.87 4.85 0 P 0
L 0.861 1.932 0.871 1.922 0 P 0
L 0.861 1.952 0.871 1.962 0 P 0
L 0.861 2.032 0.871 2.022 0 P 0
L 0.861 2.052 0.871 2.062 0 P 0
L 0.864 4.43 0.874 4.43 0 P 0
L 0.864 4.45 0.874 4.44 0 P 0
L 0.864 4.45 0.874 4.46 0 P 0
L 0.864 4.47 0.874 4.47 0 P 0
L 0.87 4.81 0.88 4.82 0 P 0
L 0.87 4.85 0.88 4.84 0 P 0
L 0.871 1.922 0.881 1.932 0 P 0
L 0.871 1.962 0.881 1.952 0 P 0
L 0.871 2.022 0.881 2.032 0 P 0
L 0.871 2.062 0.881 2.052 0 P 0
L 0.874 4.43 0.874 4.44 0 P 0
L 0.874 4.46 0.874 4.47 0 P 0
L 0.88 4.43 0.88 4.44 0 P 0
L 0.88 4.43 0.89 4.43 0 P 0
L 0.88 4.44 0.89 4.45 0 P 0
L 0.88 4.46 0.88 4.47 0 P 0
L 0.88 4.46 0.89 4.45 0 P 0
L 0.88 4.47 0.89 4.47 0 P 0
L 0.88 4.82 0.89 4.81 0 P 0
L 0.88 4.84 0.89 4.85 0 P 0
L 0.881 1.932 0.891 1.932 0 P 0
L 0.881 1.942 0.891 1.932 0 P 0
L 0.881 1.942 0.891 1.952 0 P 0
L 0.881 1.952 0.891 1.952 0 P 0
L 0.881 2.032 0.891 2.032 0 P 0
L 0.881 2.042 0.891 2.032 0 P 0
L 0.881 2.042 0.891 2.052 0 P 0
L 0.881 2.052 0.891 2.052 0 P 0
L 0.8871596 1.512 0.8871596 1.522 0 P 0
L 0.8871596 1.512 0.8971596 1.512 0 P 0
L 0.8871596 1.522 0.8971596 1.532 0 P 0
L 0.8871596 1.542 0.8871596 1.552 0 P 0
L 0.8871596 1.542 0.8971596 1.532 0 P 0
L 0.8871596 1.552 0.8971596 1.552 0 P 0
L 0.89 4.43 0.9 4.44 0 P 0
L 0.89 4.47 0.9 4.46 0 P 0
L 0.89 4.81 0.9 4.81 0 P 0
L 0.89 4.83 0.9 4.82 0 P 0
L 0.89 4.83 0.9 4.84 0 P 0
L 0.89 4.85 0.9 4.85 0 P 0
L 0.8935039 3.713797 0.8935039 3.723797 0 P 0
L 0.8935039 3.713797 0.9035039 3.713797 0 P 0
L 0.8935039 3.723797 0.9035039 3.733797 0 P 0
L 0.8935039 3.743797 0.8935039 3.753797 0 P 0
L 0.8935039 3.743797 0.9035039 3.733797 0 P 0
L 0.8935039 3.753797 0.9035039 3.753797 0 P 0
L 0.8939999 3.619797 0.8939999 3.629797 0 P 0
L 0.8939999 3.619797 0.9039999 3.619797 0 P 0
L 0.8939999 3.629797 0.9039999 3.639797 0 P 0
L 0.8939999 3.649797 0.8939999 3.659797 0 P 0
L 0.8939999 3.649797 0.9039999 3.639797 0 P 0
L 0.8939999 3.659797 0.9039999 3.659797 0 P 0
L 0.8971596 1.512 0.9071596 1.522 0 P 0
L 0.8971596 1.552 0.9071596 1.542 0 P 0
L 0.898126 0.217 0.898126 0.257 0 P 0
L 0.898126 0.217 0.938126 0.217 0 P 0
L 0.898126 0.257 0.938126 0.257 0 P 0
L 0.898126 0.4138504 0.898126 0.4538504 0 P 0
L 0.898126 0.4138504 0.938126 0.4138504 0 P 0
L 0.898126 0.4538504 0.938126 0.4538504 0 P 0
L 0.9 4.44 0.91 4.43 0 P 0
L 0.9 4.46 0.91 4.47 0 P 0
L 0.9 4.81 0.9 4.82 0 P 0
L 0.9 4.84 0.9 4.85 0 P 0
L 0.9035039 3.713797 0.9135039 3.723797 0 P 0
L 0.9035039 3.753797 0.9135039 3.743797 0 P 0
L 0.9039999 3.619797 0.9139999 3.629797 0 P 0
L 0.9039999 3.659797 0.9139999 3.649797 0 P 0
L 0.9071596 1.522 0.9171596 1.512 0 P 0
L 0.9071596 1.542 0.9171596 1.552 0 P 0
L 0.91 4.43 0.92 4.43 0 P 0
L 0.91 4.45 0.92 4.44 0 P 0
L 0.91 4.45 0.92 4.46 0 P 0
L 0.91 4.47 0.92 4.47 0 P 0
L 0.9135039 3.723797 0.9235039 3.713797 0 P 0
L 0.9135039 3.743797 0.9235039 3.753797 0 P 0
L 0.9139999 3.629797 0.9239999 3.619797 0 P 0
L 0.9139999 3.649797 0.9239999 3.659797 0 P 0
L 0.9171596 1.512 0.9271596 1.512 0 P 0
L 0.9171596 1.532 0.9271596 1.522 0 P 0
L 0.9171596 1.532 0.9271596 1.542 0 P 0
L 0.9171596 1.552 0.9271596 1.552 0 P 0
L 0.92 4.43 0.92 4.44 0 P 0
L 0.92 4.46 0.92 4.47 0 P 0
L 0.9235039 3.713797 0.9335039 3.713797 0 P 0
L 0.9235039 3.733797 0.9335039 3.723797 0 P 0
L 0.9235039 3.733797 0.9335039 3.743797 0 P 0
L 0.9235039 3.753797 0.9335039 3.753797 0 P 0
L 0.9239999 3.619797 0.9339999 3.619797 0 P 0
L 0.9239999 3.639797 0.9339999 3.629797 0 P 0
L 0.9239999 3.639797 0.9339999 3.649797 0 P 0
L 0.9239999 3.659797 0.9339999 3.659797 0 P 0
L 0.9271596 1.512 0.9271596 1.522 0 P 0
L 0.9271596 1.542 0.9271596 1.552 0 P 0
L 0.9335039 3.713797 0.9335039 3.723797 0 P 0
L 0.9335039 3.743797 0.9335039 3.753797 0 P 0
L 0.9339999 3.619797 0.9339999 3.629797 0 P 0
L 0.9339999 3.649797 0.9339999 3.659797 0 P 0
L 0.938126 0.217 0.938126 0.257 0 P 0
L 0.938126 0.4138504 0.938126 0.4538504 0 P 0
L 0.9403192 1.6745351 0.9603192 1.6545351 0 P 0
L 0.9403192 1.6745351 0.9603192 1.6945351 0 P 0
L 0.943 1.93 0.953 1.93 0 P 0
L 0.943 1.93 0.953 1.94 0 P 0
L 0.943 1.95 0.953 1.94 0 P 0
L 0.943 1.95 0.953 1.95 0 P 0
L 0.943 2.03 0.953 2.03 0 P 0
L 0.943 2.03 0.953 2.04 0 P 0
L 0.943 2.05 0.953 2.04 0 P 0
L 0.943 2.05 0.953 2.05 0 P 0
L 0.953 1.93 0.963 1.92 0 P 0
L 0.953 1.95 0.963 1.96 0 P 0
L 0.953 2.03 0.963 2.02 0 P 0
L 0.953 2.05 0.963 2.06 0 P 0
L 0.96 2.246 0.98 2.206 0 P 0
L 0.96 2.246 1 2.246 0 P 0
L 0.96 2.546 0.98 2.506 0 P 0
L 0.96 2.546 1 2.546 0 P 0
L 0.9603192 1.6545351 0.9803192 1.6745351 0 P 0
L 0.9603192 1.6945351 0.9803192 1.6745351 0 P 0
L 0.963 1.92 0.973 1.93 0 P 0
L 0.963 1.96 0.973 1.95 0 P 0
L 0.963 2.02 0.973 2.03 0 P 0
L 0.963 2.06 0.973 2.05 0 P 0
L 0.964 0.398 0.964 0.408 0 P 0
L 0.964 0.398 0.974 0.398 0 P 0
L 0.964 0.408 0.974 0.418 0 P 0
L 0.964 0.428 0.964 0.438 0 P 0
L 0.964 0.428 0.974 0.418 0 P 0
L 0.964 0.438 0.974 0.438 0 P 0
L 0.973 1.93 0.983 1.93 0 P 0
L 0.973 1.94 0.983 1.93 0 P 0
L 0.973 1.94 0.983 1.95 0 P 0
L 0.973 1.95 0.983 1.95 0 P 0
L 0.973 2.03 0.983 2.03 0 P 0
L 0.973 2.04 0.983 2.03 0 P 0
L 0.973 2.04 0.983 2.05 0 P 0
L 0.973 2.05 0.983 2.05 0 P 0
L 0.974 0.398 0.984 0.408 0 P 0
L 0.974 0.438 0.984 0.428 0 P 0
L 0.98 2.206 1 2.246 0 P 0
L 0.98 2.506 1 2.546 0 P 0
L 0.984 0.408 0.994 0.398 0 P 0
L 0.984 0.428 0.994 0.438 0 P 0
L 0.993 1.98 1.003 1.98 0 P 0
L 0.993 1.98 1.003 1.99 0 P 0
L 0.993 2 1.003 1.99 0 P 0
L 0.993 2 1.003 2 0 P 0
L 0.994 0.398 1.004 0.398 0 P 0
L 0.994 0.418 1.004 0.408 0 P 0
L 0.994 0.418 1.004 0.428 0 P 0
L 0.994 0.438 1.004 0.438 0 P 0
L 1.003 1.98 1.013 1.97 0 P 0
L 1.003 2 1.013 2.01 0 P 0
L 1.004 0.398 1.004 0.408 0 P 0
L 1.004 0.428 1.004 0.438 0 P 0
L 1.008126 1.1411181 1.008126 1.1811181 0 P 0
L 1.008126 1.1411181 1.048126 1.1411181 0 P 0
L 1.008126 1.1811181 1.048126 1.1811181 0 P 0
L 1.008126 1.3379685 1.008126 1.3779685 0 P 0
L 1.008126 1.3379685 1.048126 1.3379685 0 P 0
L 1.008126 1.3779685 1.048126 1.3779685 0 P 0
L 1.013 1.97 1.023 1.98 0 P 0
L 1.013 2.01 1.023 2 0 P 0
L 1.023 1.98 1.033 1.98 0 P 0
L 1.023 1.99 1.033 1.98 0 P 0
L 1.023 1.99 1.033 2 0 P 0
L 1.023 2 1.033 2 0 P 0
L 1.043 1.93 1.053 1.93 0 P 0
L 1.043 1.93 1.053 1.94 0 P 0
L 1.043 1.95 1.053 1.94 0 P 0
L 1.043 1.95 1.053 1.95 0 P 0
L 1.043 2.03 1.053 2.03 0 P 0
L 1.043 2.03 1.053 2.04 0 P 0
L 1.043 2.05 1.053 2.04 0 P 0
L 1.043 2.05 1.053 2.05 0 P 0
L 1.048126 1.1411181 1.048126 1.1811181 0 P 0
L 1.048126 1.3379685 1.048126 1.3779685 0 P 0
L 1.053 1.93 1.063 1.92 0 P 0
L 1.053 1.95 1.063 1.96 0 P 0
L 1.053 2.03 1.063 2.02 0 P 0
L 1.053 2.05 1.063 2.06 0 P 0
L 1.06 2.246 1.08 2.206 0 P 0
L 1.06 2.246 1.1 2.246 0 P 0
L 1.06 2.546 1.08 2.506 0 P 0
L 1.06 2.546 1.1 2.546 0 P 0
L 1.063 1.92 1.073 1.93 0 P 0
L 1.063 1.96 1.073 1.95 0 P 0
L 1.063 2.02 1.073 2.03 0 P 0
L 1.063 2.06 1.073 2.05 0 P 0
L 1.073 1.93 1.083 1.93 0 P 0
L 1.073 1.94 1.083 1.93 0 P 0
L 1.073 1.94 1.083 1.95 0 P 0
L 1.073 1.95 1.083 1.95 0 P 0
L 1.073 2.03 1.083 2.03 0 P 0
L 1.073 2.04 1.083 2.03 0 P 0
L 1.073 2.04 1.083 2.05 0 P 0
L 1.073 2.05 1.083 2.05 0 P 0
L 1.08 2.206 1.1 2.246 0 P 0
L 1.08 2.506 1.1 2.546 0 P 0
L 1.099874 0.9121496 1.099874 0.9521496 0 P 0
L 1.099874 0.9121496 1.139874 0.9121496 0 P 0
L 1.099874 0.9521496 1.139874 0.9521496 0 P 0
L 1.099874 1.109 1.099874 1.149 0 P 0
L 1.099874 1.109 1.139874 1.109 0 P 0
L 1.099874 1.149 1.139874 1.149 0 P 0
L 1.1 1.4131496 1.1 1.4531496 0 P 0
L 1.1 1.4131496 1.14 1.4131496 0 P 0
L 1.1 1.4531496 1.14 1.4531496 0 P 0
L 1.1 1.61 1.1 1.65 0 P 0
L 1.1 1.61 1.14 1.61 0 P 0
L 1.1 1.65 1.14 1.65 0 P 0
L 1.116 0.45 1.136 0.43 0 P 0
L 1.116 0.45 1.136 0.47 0 P 0
L 1.136 0.43 1.156 0.45 0 P 0
L 1.136 0.47 1.156 0.45 0 P 0
L 1.139874 0.9121496 1.139874 0.9521496 0 P 0
L 1.139874 1.109 1.139874 1.149 0 P 0
L 1.14 1.4131496 1.14 1.4531496 0 P 0
L 1.14 1.61 1.14 1.65 0 P 0
L 1.142 4.849 1.142 4.859 0 P 0
L 1.142 4.849 1.152 4.849 0 P 0
L 1.142 4.859 1.152 4.869 0 P 0
L 1.142 4.879 1.142 4.889 0 P 0
L 1.142 4.879 1.152 4.869 0 P 0
L 1.142 4.889 1.152 4.889 0 P 0
L 1.152 4.849 1.162 4.859 0 P 0
L 1.152 4.889 1.162 4.879 0 P 0
L 1.16 2.246 1.18 2.206 0 P 0
L 1.16 2.246 1.2 2.246 0 P 0
L 1.16 2.546 1.18 2.506 0 P 0
L 1.16 2.546 1.2 2.546 0 P 0
L 1.162 4.859 1.172 4.849 0 P 0
L 1.162 4.879 1.172 4.889 0 P 0
L 1.1646223 4.1196223 1.1646223 4.1296223 0 P 0
L 1.1646223 4.1196223 1.1746223 4.1196223 0 P 0
L 1.1646223 4.1296223 1.1746223 4.1396223 0 P 0
L 1.1646223 4.1496223 1.1646223 4.1596223 0 P 0
L 1.1646223 4.1496223 1.1746223 4.1396223 0 P 0
L 1.1646223 4.1596223 1.1746223 4.1596223 0 P 0
L 1.165 3.9876223 1.165 3.9976223 0 P 0
L 1.165 3.9876223 1.175 3.9876223 0 P 0
L 1.165 3.9976223 1.175 4.0076223 0 P 0
L 1.165 4.0176223 1.165 4.0276223 0 P 0
L 1.165 4.0176223 1.175 4.0076223 0 P 0
L 1.165 4.0276223 1.175 4.0276223 0 P 0
L 1.165 4.0536223 1.165 4.0636223 0 P 0
L 1.165 4.0536223 1.175 4.0536223 0 P 0
L 1.165 4.0636223 1.175 4.0736223 0 P 0
L 1.165 4.0836223 1.165 4.0936223 0 P 0
L 1.165 4.0836223 1.175 4.0736223 0 P 0
L 1.165 4.0936223 1.175 4.0936223 0 P 0
L 1.1657684 4.2548393 1.1657684 4.2648393 0 P 0
L 1.1657684 4.2548393 1.1757684 4.2548393 0 P 0
L 1.1657684 4.2648393 1.1757684 4.2748393 0 P 0
L 1.1657684 4.2848393 1.1657684 4.2948393 0 P 0
L 1.1657684 4.2848393 1.1757684 4.2748393 0 P 0
L 1.1657684 4.2948393 1.1757684 4.2948393 0 P 0
L 1.167 3.85 1.167 3.86 0 P 0
L 1.167 3.85 1.177 3.85 0 P 0
L 1.167 3.86 1.177 3.87 0 P 0
L 1.167 3.88 1.167 3.89 0 P 0
L 1.167 3.88 1.177 3.87 0 P 0
L 1.167 3.89 1.177 3.89 0 P 0
L 1.1673777 4.1886223 1.1673777 4.1986223 0 P 0
L 1.1673777 4.1886223 1.1773777 4.1886223 0 P 0
L 1.1673777 4.1986223 1.1773777 4.2086223 0 P 0
L 1.1673777 4.2186223 1.1673777 4.2286223 0 P 0
L 1.1673777 4.2186223 1.1773777 4.2086223 0 P 0
L 1.1673777 4.2286223 1.1773777 4.2286223 0 P 0
L 1.170433 3.0179114 1.170433 3.0279114 0 P 0
L 1.170433 3.0179114 1.180433 3.0179114 0 P 0
L 1.170433 3.0279114 1.180433 3.0379114 0 P 0
L 1.170433 3.0479114 1.170433 3.0579114 0 P 0
L 1.170433 3.0479114 1.180433 3.0379114 0 P 0
L 1.170433 3.0579114 1.180433 3.0579114 0 P 0
L 1.171 3.9191335 1.171 3.9291335 0 P 0
L 1.171 3.9191335 1.181 3.9191335 0 P 0
L 1.171 3.9291335 1.181 3.9391335 0 P 0
L 1.171 3.9491335 1.171 3.9591335 0 P 0
L 1.171 3.9491335 1.181 3.9391335 0 P 0
L 1.171 3.9591335 1.181 3.9591335 0 P 0
L 1.171 4.3236223 1.171 4.3336223 0 P 0
L 1.171 4.3236223 1.181 4.3236223 0 P 0
L 1.171 4.3336223 1.181 4.3436223 0 P 0
L 1.171 4.3536223 1.171 4.3636223 0 P 0
L 1.171 4.3536223 1.181 4.3436223 0 P 0
L 1.171 4.3636223 1.181 4.3636223 0 P 0
L 1.172 4.849 1.182 4.849 0 P 0
L 1.172 4.869 1.182 4.859 0 P 0
L 1.172 4.869 1.182 4.879 0 P 0
L 1.172 4.889 1.182 4.889 0 P 0
L 1.1746223 4.1196223 1.1846223 4.1296223 0 P 0
L 1.1746223 4.1596223 1.1846223 4.1496223 0 P 0
L 1.175 3.9876223 1.185 3.9976223 0 P 0
L 1.175 4.0276223 1.185 4.0176223 0 P 0
L 1.175 4.0536223 1.185 4.0636223 0 P 0
L 1.175 4.0936223 1.185 4.0836223 0 P 0
L 1.1757684 4.2548393 1.1857684 4.2648393 0 P 0
L 1.1757684 4.2948393 1.1857684 4.2848393 0 P 0
L 1.177 3.85 1.187 3.86 0 P 0
L 1.177 3.89 1.187 3.88 0 P 0
L 1.1773777 4.1886223 1.1873777 4.1986223 0 P 0
L 1.1773777 4.2286223 1.1873777 4.2186223 0 P 0
L 1.179 4.897 1.179 4.907 0 P 0
L 1.179 4.897 1.189 4.897 0 P 0
L 1.179 4.907 1.189 4.917 0 P 0
L 1.179 4.927 1.179 4.937 0 P 0
L 1.179 4.927 1.189 4.917 0 P 0
L 1.179 4.937 1.189 4.937 0 P 0
L 1.18 2.206 1.2 2.246 0 P 0
L 1.18 2.506 1.2 2.546 0 P 0
L 1.180433 3.0179114 1.190433 3.0279114 0 P 0
L 1.180433 3.0579114 1.190433 3.0479114 0 P 0
L 1.181 3.9191335 1.191 3.9291335 0 P 0
L 1.181 3.9591335 1.191 3.9491335 0 P 0
L 1.181 4.3236223 1.191 4.3336223 0 P 0
L 1.181 4.3636223 1.191 4.3536223 0 P 0
L 1.182 4.849 1.182 4.859 0 P 0
L 1.182 4.879 1.182 4.889 0 P 0
L 1.1846223 4.1296223 1.1946223 4.1196223 0 P 0
L 1.1846223 4.1496223 1.1946223 4.1596223 0 P 0
L 1.185 3.9976223 1.195 3.9876223 0 P 0
L 1.185 4.0176223 1.195 4.0276223 0 P 0
L 1.185 4.0636223 1.195 4.0536223 0 P 0
L 1.185 4.0836223 1.195 4.0936223 0 P 0
L 1.1857684 4.2648393 1.1957684 4.2548393 0 P 0
L 1.1857684 4.2848393 1.1957684 4.2948393 0 P 0
L 1.187 3.86 1.197 3.85 0 P 0
L 1.187 3.88 1.197 3.89 0 P 0
L 1.1873777 4.1986223 1.1973777 4.1886223 0 P 0
L 1.1873777 4.2186223 1.1973777 4.2286223 0 P 0
L 1.189 4.897 1.199 4.907 0 P 0
L 1.189 4.937 1.199 4.927 0 P 0
L 1.190433 3.0279114 1.200433 3.0179114 0 P 0
L 1.190433 3.0479114 1.200433 3.0579114 0 P 0
L 1.191 3.9291335 1.201 3.9191335 0 P 0
L 1.191 3.9491335 1.201 3.9591335 0 P 0
L 1.191 4.3336223 1.201 4.3236223 0 P 0
L 1.191 4.3536223 1.201 4.3636223 0 P 0
L 1.1946223 4.1196223 1.2046223 4.1196223 0 P 0
L 1.1946223 4.1396223 1.2046223 4.1296223 0 P 0
L 1.1946223 4.1396223 1.2046223 4.1496223 0 P 0
L 1.1946223 4.1596223 1.2046223 4.1596223 0 P 0
L 1.195 3.9876223 1.205 3.9876223 0 P 0
L 1.195 4.0076223 1.205 3.9976223 0 P 0
L 1.195 4.0076223 1.205 4.0176223 0 P 0
L 1.195 4.0276223 1.205 4.0276223 0 P 0
L 1.195 4.0536223 1.205 4.0536223 0 P 0
L 1.195 4.0736223 1.205 4.0636223 0 P 0
L 1.195 4.0736223 1.205 4.0836223 0 P 0
L 1.195 4.0936223 1.205 4.0936223 0 P 0
L 1.1957684 4.2548393 1.2057684 4.2548393 0 P 0
L 1.1957684 4.2748393 1.2057684 4.2648393 0 P 0
L 1.1957684 4.2748393 1.2057684 4.2848393 0 P 0
L 1.1957684 4.2948393 1.2057684 4.2948393 0 P 0
L 1.197 3.85 1.207 3.85 0 P 0
L 1.197 3.87 1.207 3.86 0 P 0
L 1.197 3.87 1.207 3.88 0 P 0
L 1.197 3.89 1.207 3.89 0 P 0
L 1.1973777 4.1886223 1.2073777 4.1886223 0 P 0
L 1.1973777 4.2086223 1.2073777 4.1986223 0 P 0
L 1.1973777 4.2086223 1.2073777 4.2186223 0 P 0
L 1.1973777 4.2286223 1.2073777 4.2286223 0 P 0
L 1.199 4.907 1.209 4.897 0 P 0
L 1.199 4.927 1.209 4.937 0 P 0
L 1.200433 3.0179114 1.210433 3.0179114 0 P 0
L 1.200433 3.0379114 1.210433 3.0279114 0 P 0
L 1.200433 3.0379114 1.210433 3.0479114 0 P 0
L 1.200433 3.0579114 1.210433 3.0579114 0 P 0
L 1.201 3.9191335 1.211 3.9191335 0 P 0
L 1.201 3.9391335 1.211 3.9291335 0 P 0
L 1.201 3.9391335 1.211 3.9491335 0 P 0
L 1.201 3.9591335 1.211 3.9591335 0 P 0
L 1.201 4.3236223 1.211 4.3236223 0 P 0
L 1.201 4.3436223 1.211 4.3336223 0 P 0
L 1.201 4.3436223 1.211 4.3536223 0 P 0
L 1.201 4.3636223 1.211 4.3636223 0 P 0
L 1.2046223 4.1196223 1.2046223 4.1296223 0 P 0
L 1.2046223 4.1496223 1.2046223 4.1596223 0 P 0
L 1.205 3.9876223 1.205 3.9976223 0 P 0
L 1.205 4.0176223 1.205 4.0276223 0 P 0
L 1.205 4.0536223 1.205 4.0636223 0 P 0
L 1.205 4.0836223 1.205 4.0936223 0 P 0
L 1.2057684 4.2548393 1.2057684 4.2648393 0 P 0
L 1.2057684 4.2848393 1.2057684 4.2948393 0 P 0
L 1.207 3.85 1.207 3.86 0 P 0
L 1.207 3.88 1.207 3.89 0 P 0
L 1.2073777 4.1886223 1.2073777 4.1986223 0 P 0
L 1.2073777 4.2186223 1.2073777 4.2286223 0 P 0
L 1.209 4.897 1.219 4.897 0 P 0
L 1.209 4.917 1.219 4.907 0 P 0
L 1.209 4.917 1.219 4.927 0 P 0
L 1.209 4.937 1.219 4.937 0 P 0
L 1.210433 3.0179114 1.210433 3.0279114 0 P 0
L 1.210433 3.0479114 1.210433 3.0579114 0 P 0
L 1.211 3.9191335 1.211 3.9291335 0 P 0
L 1.211 3.9491335 1.211 3.9591335 0 P 0
L 1.211 4.3236223 1.211 4.3336223 0 P 0
L 1.211 4.3536223 1.211 4.3636223 0 P 0
L 1.219 4.897 1.219 4.907 0 P 0
L 1.219 4.927 1.219 4.937 0 P 0
L 1.224 3.633 1.224 3.643 0 P 0
L 1.224 3.633 1.234 3.633 0 P 0
L 1.224 3.643 1.234 3.653 0 P 0
L 1.224 3.663 1.224 3.673 0 P 0
L 1.224 3.663 1.234 3.653 0 P 0
L 1.224 3.673 1.234 3.673 0 P 0
L 1.234 3.633 1.244 3.643 0 P 0
L 1.234 3.673 1.244 3.663 0 P 0
L 1.244 3.643 1.254 3.633 0 P 0
L 1.244 3.663 1.254 3.673 0 P 0
L 1.254 3.633 1.264 3.633 0 P 0
L 1.254 3.653 1.264 3.643 0 P 0
L 1.254 3.653 1.264 3.663 0 P 0
L 1.254 3.673 1.264 3.673 0 P 0
L 1.26 2.246 1.28 2.206 0 P 0
L 1.26 2.246 1.3 2.246 0 P 0
L 1.26 2.546 1.28 2.506 0 P 0
L 1.26 2.546 1.3 2.546 0 P 0
L 1.264 3.633 1.264 3.643 0 P 0
L 1.264 3.663 1.264 3.673 0 P 0
L 1.269 3.161 1.269 3.171 0 P 0
L 1.269 3.161 1.279 3.161 0 P 0
L 1.269 3.171 1.279 3.181 0 P 0
L 1.269 3.191 1.269 3.201 0 P 0
L 1.269 3.191 1.279 3.181 0 P 0
L 1.269 3.201 1.279 3.201 0 P 0
L 1.279 3.161 1.289 3.171 0 P 0
L 1.279 3.201 1.289 3.191 0 P 0
L 1.28 2.206 1.3 2.246 0 P 0
L 1.28 2.506 1.3 2.546 0 P 0
L 1.289 3.171 1.299 3.161 0 P 0
L 1.289 3.191 1.299 3.201 0 P 0
L 1.289433 3.7849999 1.289433 3.7949999 0 P 0
L 1.289433 3.7849999 1.299433 3.7849999 0 P 0
L 1.289433 3.7949999 1.299433 3.8049999 0 P 0
L 1.289433 3.8149999 1.289433 3.8249999 0 P 0
L 1.289433 3.8149999 1.299433 3.8049999 0 P 0
L 1.289433 3.8249999 1.299433 3.8249999 0 P 0
L 1.298 4.512 1.298 4.522 0 P 0
L 1.298 4.512 1.308 4.512 0 P 0
L 1.298 4.522 1.308 4.532 0 P 0
L 1.298 4.542 1.298 4.552 0 P 0
L 1.298 4.542 1.308 4.532 0 P 0
L 1.298 4.552 1.308 4.552 0 P 0
L 1.299 3.161 1.309 3.161 0 P 0
L 1.299 3.181 1.309 3.171 0 P 0
L 1.299 3.181 1.309 3.191 0 P 0
L 1.299 3.201 1.309 3.201 0 P 0
L 1.299433 3.7849999 1.309433 3.7949999 0 P 0
L 1.299433 3.8249999 1.309433 3.8149999 0 P 0
L 1.308 4.512 1.318 4.522 0 P 0
L 1.308 4.552 1.318 4.542 0 P 0
L 1.309 3.161 1.309 3.171 0 P 0
L 1.309 3.191 1.309 3.201 0 P 0
L 1.309433 3.7949999 1.319433 3.7849999 0 P 0
L 1.309433 3.8149999 1.319433 3.8249999 0 P 0
L 1.318 4.522 1.328 4.512 0 P 0
L 1.318 4.542 1.328 4.552 0 P 0
L 1.319433 3.7849999 1.329433 3.7849999 0 P 0
L 1.319433 3.8049999 1.329433 3.7949999 0 P 0
L 1.319433 3.8049999 1.329433 3.8149999 0 P 0
L 1.319433 3.8249999 1.329433 3.8249999 0 P 0
L 1.328 4.512 1.338 4.512 0 P 0
L 1.328 4.532 1.338 4.522 0 P 0
L 1.328 4.532 1.338 4.542 0 P 0
L 1.328 4.552 1.338 4.552 0 P 0
L 1.329433 3.7849999 1.329433 3.7949999 0 P 0
L 1.329433 3.8149999 1.329433 3.8249999 0 P 0
L 1.338 4.512 1.338 4.522 0 P 0
L 1.338 4.542 1.338 4.552 0 P 0
L 1.341 4.5433062 1.341 4.5533062 0 P 0
L 1.341 4.5433062 1.351 4.5433062 0 P 0
L 1.341 4.5533062 1.351 4.5633062 0 P 0
L 1.341 4.5733062 1.341 4.5833062 0 P 0
L 1.341 4.5733062 1.351 4.5633062 0 P 0
L 1.341 4.5833062 1.351 4.5833062 0 P 0
L 1.351 4.5433062 1.361 4.5533062 0 P 0
L 1.351 4.5833062 1.361 4.5733062 0 P 0
L 1.361 4.5533062 1.371 4.5433062 0 P 0
L 1.361 4.5733062 1.371 4.5833062 0 P 0
L 1.365 3.99 1.365 4 0 P 0
L 1.365 3.99 1.375 3.99 0 P 0
L 1.365 4 1.375 4.01 0 P 0
L 1.365 4.02 1.365 4.03 0 P 0
L 1.365 4.02 1.375 4.01 0 P 0
L 1.365 4.03 1.375 4.03 0 P 0
L 1.366 3.0945118 1.366 3.1045118 0 P 0
L 1.366 3.0945118 1.376 3.0945118 0 P 0
L 1.366 3.1045118 1.376 3.1145118 0 P 0
L 1.366 3.1245118 1.366 3.1345118 0 P 0
L 1.366 3.1245118 1.376 3.1145118 0 P 0
L 1.366 3.1345118 1.376 3.1345118 0 P 0
L 1.371 4.5433062 1.381 4.5433062 0 P 0
L 1.371 4.5633062 1.381 4.5533062 0 P 0
L 1.371 4.5633062 1.381 4.5733062 0 P 0
L 1.371 4.5833062 1.381 4.5833062 0 P 0
L 1.375 3.99 1.385 4 0 P 0
L 1.375 4.03 1.385 4.02 0 P 0
L 1.375 4.119 1.375 4.129 0 P 0
L 1.375 4.119 1.385 4.119 0 P 0
L 1.375 4.129 1.385 4.139 0 P 0
L 1.375 4.149 1.375 4.159 0 P 0
L 1.375 4.149 1.385 4.139 0 P 0
L 1.375 4.159 1.385 4.159 0 P 0
L 1.3750468 4.3240468 1.3750468 4.3340468 0 P 0
L 1.3750468 4.3240468 1.3850468 4.3240468 0 P 0
L 1.3750468 4.3340468 1.3850468 4.3440468 0 P 0
L 1.3750468 4.3540468 1.3750468 4.3640468 0 P 0
L 1.3750468 4.3540468 1.3850468 4.3440468 0 P 0
L 1.3750468 4.3640468 1.3850468 4.3640468 0 P 0
L 1.376 3.0945118 1.386 3.1045118 0 P 0
L 1.376 3.1345118 1.386 3.1245118 0 P 0
L 1.377 4.049 1.377 4.059 0 P 0
L 1.377 4.049 1.387 4.049 0 P 0
L 1.377 4.059 1.387 4.069 0 P 0
L 1.377 4.079 1.377 4.089 0 P 0
L 1.377 4.079 1.387 4.069 0 P 0
L 1.377 4.089 1.387 4.089 0 P 0
L 1.379 4.256 1.379 4.266 0 P 0
L 1.379 4.256 1.389 4.256 0 P 0
L 1.379 4.266 1.389 4.276 0 P 0
L 1.379 4.286 1.379 4.296 0 P 0
L 1.379 4.286 1.389 4.276 0 P 0
L 1.379 4.296 1.389 4.296 0 P 0
L 1.38 4.193 1.38 4.203 0 P 0
L 1.38 4.193 1.39 4.193 0 P 0
L 1.38 4.203 1.39 4.213 0 P 0
L 1.38 4.223 1.38 4.233 0 P 0
L 1.38 4.223 1.39 4.213 0 P 0
L 1.38 4.233 1.39 4.233 0 P 0
L 1.381 4.5433062 1.381 4.5533062 0 P 0
L 1.381 4.5733062 1.381 4.5833062 0 P 0
L 1.3823242 0.4495 1.4023242 0.4295 0 P 0
L 1.3823242 0.4495 1.4023242 0.4695 0 P 0
L 1.385 4 1.395 3.99 0 P 0
L 1.385 4.02 1.395 4.03 0 P 0
L 1.385 4.119 1.395 4.129 0 P 0
L 1.385 4.159 1.395 4.149 0 P 0
L 1.3850468 4.3240468 1.3950468 4.3340468 0 P 0
L 1.3850468 4.3640468 1.3950468 4.3540468 0 P 0
L 1.386 3.1045118 1.396 3.0945118 0 P 0
L 1.386 3.1245118 1.396 3.1345118 0 P 0
L 1.387 4.049 1.397 4.059 0 P 0
L 1.387 4.089 1.397 4.079 0 P 0
L 1.388 3.923 1.388 3.933 0 P 0
L 1.388 3.923 1.398 3.923 0 P 0
L 1.388 3.933 1.398 3.943 0 P 0
L 1.388 3.953 1.388 3.963 0 P 0
L 1.388 3.953 1.398 3.943 0 P 0
L 1.388 3.963 1.398 3.963 0 P 0
L 1.389 4.256 1.399 4.266 0 P 0
L 1.389 4.296 1.399 4.286 0 P 0
L 1.39 4.193 1.4 4.203 0 P 0
L 1.39 4.233 1.4 4.223 0 P 0
L 1.395 3.99 1.405 3.99 0 P 0
L 1.395 4.01 1.405 4 0 P 0
L 1.395 4.01 1.405 4.02 0 P 0
L 1.395 4.03 1.405 4.03 0 P 0
L 1.395 4.129 1.405 4.119 0 P 0
L 1.395 4.149 1.405 4.159 0 P 0
L 1.3950468 4.3340468 1.4050468 4.3240468 0 P 0
L 1.3950468 4.3540468 1.4050468 4.3640468 0 P 0
L 1.396 3.0945118 1.406 3.0945118 0 P 0
L 1.396 3.1145118 1.406 3.1045118 0 P 0
L 1.396 3.1145118 1.406 3.1245118 0 P 0
L 1.396 3.1345118 1.406 3.1345118 0 P 0
L 1.397 4.059 1.407 4.049 0 P 0
L 1.397 4.079 1.407 4.089 0 P 0
L 1.398 3.923 1.408 3.933 0 P 0
L 1.398 3.963 1.408 3.953 0 P 0
L 1.399 4.266 1.409 4.256 0 P 0
L 1.399 4.286 1.409 4.296 0 P 0
L 1.4 4.203 1.41 4.193 0 P 0
L 1.4 4.223 1.41 4.233 0 P 0
L 1.4023242 0.4295 1.4223242 0.4495 0 P 0
L 1.4023242 0.4695 1.4223242 0.4495 0 P 0
L 1.405 3.99 1.405 4 0 P 0
L 1.405 4.02 1.405 4.03 0 P 0
L 1.405 4.119 1.415 4.119 0 P 0
L 1.405 4.139 1.415 4.129 0 P 0
L 1.405 4.139 1.415 4.149 0 P 0
L 1.405 4.159 1.415 4.159 0 P 0
L 1.4050468 4.3240468 1.4150468 4.3240468 0 P 0
L 1.4050468 4.3440468 1.4150468 4.3340468 0 P 0
L 1.4050468 4.3440468 1.4150468 4.3540468 0 P 0
L 1.4050468 4.3640468 1.4150468 4.3640468 0 P 0
L 1.406 3.0945118 1.406 3.1045118 0 P 0
L 1.406 3.1245118 1.406 3.1345118 0 P 0
L 1.407 4.049 1.417 4.049 0 P 0
L 1.407 4.069 1.417 4.059 0 P 0
L 1.407 4.069 1.417 4.079 0 P 0
L 1.407 4.089 1.417 4.089 0 P 0
L 1.408 3.933 1.418 3.923 0 P 0
L 1.408 3.953 1.418 3.963 0 P 0
L 1.409 4.256 1.419 4.256 0 P 0
L 1.409 4.276 1.419 4.266 0 P 0
L 1.409 4.276 1.419 4.286 0 P 0
L 1.409 4.296 1.419 4.296 0 P 0
L 1.41 4.193 1.42 4.193 0 P 0
L 1.41 4.213 1.42 4.203 0 P 0
L 1.41 4.213 1.42 4.223 0 P 0
L 1.41 4.233 1.42 4.233 0 P 0
L 1.415 4.119 1.415 4.129 0 P 0
L 1.415 4.149 1.415 4.159 0 P 0
L 1.4150468 4.3240468 1.4150468 4.3340468 0 P 0
L 1.4150468 4.3540468 1.4150468 4.3640468 0 P 0
L 1.417 4.049 1.417 4.059 0 P 0
L 1.417 4.079 1.417 4.089 0 P 0
L 1.418 3.923 1.428 3.923 0 P 0
L 1.418 3.943 1.428 3.933 0 P 0
L 1.418 3.943 1.428 3.953 0 P 0
L 1.418 3.963 1.428 3.963 0 P 0
L 1.419 4.256 1.419 4.266 0 P 0
L 1.419 4.286 1.419 4.296 0 P 0
L 1.42 4.193 1.42 4.203 0 P 0
L 1.42 4.223 1.42 4.233 0 P 0
L 1.428 3.923 1.428 3.933 0 P 0
L 1.428 3.953 1.428 3.963 0 P 0
L 1.439 0.476 1.439 0.486 0 P 0
L 1.439 0.476 1.449 0.476 0 P 0
L 1.439 0.486 1.449 0.496 0 P 0
L 1.439 0.506 1.439 0.516 0 P 0
L 1.439 0.506 1.449 0.496 0 P 0
L 1.439 0.516 1.449 0.516 0 P 0
L 1.449 0.476 1.459 0.486 0 P 0
L 1.449 0.516 1.459 0.506 0 P 0
L 1.459 0.486 1.469 0.476 0 P 0
L 1.459 0.506 1.469 0.516 0 P 0
L 1.469 0.476 1.479 0.476 0 P 0
L 1.469 0.496 1.479 0.486 0 P 0
L 1.469 0.496 1.479 0.506 0 P 0
L 1.469 0.516 1.479 0.516 0 P 0
L 1.479 0.476 1.479 0.486 0 P 0
L 1.479 0.506 1.479 0.516 0 P 0
L 1.5020393 3.669 1.5020393 3.679 0 P 0
L 1.5020393 3.669 1.5120393 3.669 0 P 0
L 1.5020393 3.679 1.5120393 3.689 0 P 0
L 1.5020393 3.699 1.5020393 3.709 0 P 0
L 1.5020393 3.699 1.5120393 3.689 0 P 0
L 1.5020393 3.709 1.5120393 3.709 0 P 0
L 1.5020393 3.727 1.5020393 3.737 0 P 0
L 1.5020393 3.727 1.5120393 3.727 0 P 0
L 1.5020393 3.737 1.5120393 3.747 0 P 0
L 1.5020393 3.757 1.5020393 3.767 0 P 0
L 1.5020393 3.757 1.5120393 3.747 0 P 0
L 1.5020393 3.767 1.5120393 3.767 0 P 0
L 1.5120393 3.669 1.5220393 3.679 0 P 0
L 1.5120393 3.709 1.5220393 3.699 0 P 0
L 1.5120393 3.727 1.5220393 3.737 0 P 0
L 1.5120393 3.767 1.5220393 3.757 0 P 0
L 1.5220393 3.679 1.5320393 3.669 0 P 0
L 1.5220393 3.699 1.5320393 3.709 0 P 0
L 1.5220393 3.737 1.5320393 3.727 0 P 0
L 1.5220393 3.757 1.5320393 3.767 0 P 0
L 1.5320393 3.669 1.5420393 3.669 0 P 0
L 1.5320393 3.689 1.5420393 3.679 0 P 0
L 1.5320393 3.689 1.5420393 3.699 0 P 0
L 1.5320393 3.709 1.5420393 3.709 0 P 0
L 1.5320393 3.727 1.5420393 3.727 0 P 0
L 1.5320393 3.747 1.5420393 3.737 0 P 0
L 1.5320393 3.747 1.5420393 3.757 0 P 0
L 1.5320393 3.767 1.5420393 3.767 0 P 0
L 1.539 3.856 1.539 3.866 0 P 0
L 1.539 3.856 1.549 3.856 0 P 0
L 1.539 3.866 1.549 3.876 0 P 0
L 1.539 3.886 1.539 3.896 0 P 0
L 1.539 3.886 1.549 3.876 0 P 0
L 1.539 3.896 1.549 3.896 0 P 0
L 1.5420393 3.669 1.5420393 3.679 0 P 0
L 1.5420393 3.699 1.5420393 3.709 0 P 0
L 1.5420393 3.727 1.5420393 3.737 0 P 0
L 1.5420393 3.757 1.5420393 3.767 0 P 0
L 1.549 3.856 1.559 3.866 0 P 0
L 1.549 3.896 1.559 3.886 0 P 0
L 1.559 3.866 1.569 3.856 0 P 0
L 1.559 3.886 1.569 3.896 0 P 0
L 1.568 5.024 1.588 5.004 0 P 0
L 1.568 5.024 1.588 5.044 0 P 0
L 1.569 3.856 1.579 3.856 0 P 0
L 1.569 3.876 1.579 3.866 0 P 0
L 1.569 3.876 1.579 3.886 0 P 0
L 1.569 3.896 1.579 3.896 0 P 0
L 1.579 3.856 1.579 3.866 0 P 0
L 1.579 3.886 1.579 3.896 0 P 0
L 1.588 5.004 1.608 5.024 0 P 0
L 1.588 5.044 1.608 5.024 0 P 0
L 1.592 0.9121496 1.592 0.9521496 0 P 0
L 1.592 0.9121496 1.632 0.9121496 0 P 0
L 1.592 0.9521496 1.632 0.9521496 0 P 0
L 1.592 1.109 1.592 1.149 0 P 0
L 1.592 1.109 1.632 1.109 0 P 0
L 1.592 1.149 1.632 1.149 0 P 0
L 1.592126 1.4131496 1.592126 1.4531496 0 P 0
L 1.592126 1.4131496 1.632126 1.4131496 0 P 0
L 1.592126 1.4531496 1.632126 1.4531496 0 P 0
L 1.592126 1.61 1.592126 1.65 0 P 0
L 1.592126 1.61 1.632126 1.61 0 P 0
L 1.592126 1.65 1.632126 1.65 0 P 0
L 1.599874 0.2101496 1.599874 0.2501496 0 P 0
L 1.599874 0.2101496 1.639874 0.2101496 0 P 0
L 1.599874 0.2501496 1.639874 0.2501496 0 P 0
L 1.599874 0.407 1.599874 0.447 0 P 0
L 1.599874 0.407 1.639874 0.407 0 P 0
L 1.599874 0.447 1.639874 0.447 0 P 0
L 1.62 4.95 1.64 4.93 0 P 0
L 1.62 4.95 1.64 4.97 0 P 0
L 1.632 0.9121496 1.632 0.9521496 0 P 0
L 1.632 1.109 1.632 1.149 0 P 0
L 1.632126 1.4131496 1.632126 1.4531496 0 P 0
L 1.632126 1.61 1.632126 1.65 0 P 0
L 1.639874 0.2101496 1.639874 0.2501496 0 P 0
L 1.639874 0.407 1.639874 0.447 0 P 0
L 1.64 4.93 1.66 4.95 0 P 0
L 1.64 4.97 1.66 4.95 0 P 0
L 1.644 0.8494751 1.644 0.8594751 0 P 0
L 1.644 0.8494751 1.654 0.8494751 0 P 0
L 1.644 0.8594751 1.654 0.8694751 0 P 0
L 1.644 0.8794751 1.644 0.8894751 0 P 0
L 1.644 0.8794751 1.654 0.8694751 0 P 0
L 1.644 0.8894751 1.654 0.8894751 0 P 0
L 1.654 0.8494751 1.664 0.8594751 0 P 0
L 1.654 0.8894751 1.664 0.8794751 0 P 0
L 1.664 0.8594751 1.674 0.8494751 0 P 0
L 1.664 0.8794751 1.674 0.8894751 0 P 0
L 1.672 2.245 1.692 2.205 0 P 0
L 1.672 2.245 1.712 2.245 0 P 0
L 1.672 2.545 1.692 2.505 0 P 0
L 1.672 2.545 1.712 2.545 0 P 0
L 1.674 0.8494751 1.684 0.8494751 0 P 0
L 1.674 0.8694751 1.684 0.8594751 0 P 0
L 1.674 0.8694751 1.684 0.8794751 0 P 0
L 1.674 0.8894751 1.684 0.8894751 0 P 0
L 1.684 0.8494751 1.684 0.8594751 0 P 0
L 1.684 0.8794751 1.684 0.8894751 0 P 0
L 1.684 5.157 1.704 5.137 0 P 0
L 1.684 5.157 1.704 5.177 0 P 0
L 1.692 2.205 1.712 2.245 0 P 0
L 1.692 2.505 1.712 2.545 0 P 0
L 1.699 1.1391496 1.699 1.1791496 0 P 0
L 1.699 1.1391496 1.739 1.1391496 0 P 0
L 1.699 1.1791496 1.739 1.1791496 0 P 0
L 1.699 1.336 1.699 1.376 0 P 0
L 1.699 1.336 1.739 1.336 0 P 0
L 1.699 1.376 1.739 1.376 0 P 0
L 1.704 1.567 1.704 1.577 0 P 0
L 1.704 1.567 1.714 1.567 0 P 0
L 1.704 1.577 1.714 1.587 0 P 0
L 1.704 1.597 1.704 1.607 0 P 0
L 1.704 1.597 1.714 1.587 0 P 0
L 1.704 1.607 1.714 1.607 0 P 0
L 1.704 5.137 1.724 5.157 0 P 0
L 1.704 5.177 1.724 5.157 0 P 0
L 1.714 1.567 1.724 1.577 0 P 0
L 1.714 1.607 1.724 1.597 0 P 0
L 1.724 1.577 1.734 1.567 0 P 0
L 1.724 1.597 1.734 1.607 0 P 0
L 1.734 1.567 1.744 1.567 0 P 0
L 1.734 1.587 1.744 1.577 0 P 0
L 1.734 1.587 1.744 1.597 0 P 0
L 1.734 1.607 1.744 1.607 0 P 0
L 1.739 1.1391496 1.739 1.1791496 0 P 0
L 1.739 1.336 1.739 1.376 0 P 0
L 1.744 1.567 1.744 1.577 0 P 0
L 1.744 1.597 1.744 1.607 0 P 0
L 1.772 2.245 1.792 2.205 0 P 0
L 1.772 2.245 1.812 2.245 0 P 0
L 1.772 2.545 1.792 2.505 0 P 0
L 1.772 2.545 1.812 2.545 0 P 0
L 1.772 3.324 1.772 3.334 0 P 0
L 1.772 3.324 1.782 3.324 0 P 0
L 1.772 3.334 1.782 3.344 0 P 0
L 1.772 3.354 1.772 3.364 0 P 0
L 1.772 3.354 1.782 3.344 0 P 0
L 1.772 3.364 1.782 3.364 0 P 0
L 1.782 3.324 1.792 3.334 0 P 0
L 1.782 3.364 1.792 3.354 0 P 0
L 1.792 1.28 1.792 1.29 0 P 0
L 1.792 1.28 1.802 1.28 0 P 0
L 1.792 1.29 1.802 1.3 0 P 0
L 1.792 1.31 1.792 1.32 0 P 0
L 1.792 1.31 1.802 1.3 0 P 0
L 1.792 1.32 1.802 1.32 0 P 0
L 1.792 2.205 1.812 2.245 0 P 0
L 1.792 2.505 1.812 2.545 0 P 0
L 1.792 3.334 1.802 3.324 0 P 0
L 1.792 3.354 1.802 3.364 0 P 0
L 1.802 1.28 1.812 1.29 0 P 0
L 1.802 1.32 1.812 1.31 0 P 0
L 1.802 3.324 1.812 3.324 0 P 0
L 1.802 3.344 1.812 3.334 0 P 0
L 1.802 3.344 1.812 3.354 0 P 0
L 1.802 3.364 1.812 3.364 0 P 0
L 1.8085353 0.9736098 1.8285353 0.9536098 0 P 0
L 1.8085353 0.9736098 1.8285353 0.9936098 0 P 0
L 1.812 1.29 1.822 1.28 0 P 0
L 1.812 1.31 1.822 1.32 0 P 0
L 1.812 3.324 1.812 3.334 0 P 0
L 1.812 3.354 1.812 3.364 0 P 0
L 1.822 1.28 1.832 1.28 0 P 0
L 1.822 1.3 1.832 1.29 0 P 0
L 1.822 1.3 1.832 1.31 0 P 0
L 1.822 1.32 1.832 1.32 0 P 0
L 1.8285353 0.9536098 1.8485353 0.9736098 0 P 0
L 1.8285353 0.9936098 1.8485353 0.9736098 0 P 0
L 1.831 1.243 1.831 1.253 0 P 0
L 1.831 1.243 1.841 1.243 0 P 0
L 1.831 1.253 1.841 1.263 0 P 0
L 1.831 1.273 1.831 1.283 0 P 0
L 1.831 1.273 1.841 1.263 0 P 0
L 1.831 1.283 1.841 1.283 0 P 0
L 1.832 1.28 1.832 1.29 0 P 0
L 1.832 1.31 1.832 1.32 0 P 0
L 1.841 1.243 1.851 1.253 0 P 0
L 1.841 1.283 1.851 1.273 0 P 0
L 1.8455746 4.3238112 1.8455746 4.3338112 0 P 0
L 1.8455746 4.3238112 1.8555746 4.3238112 0 P 0
L 1.8455746 4.3338112 1.8555746 4.3438112 0 P 0
L 1.8455746 4.3538112 1.8455746 4.3638112 0 P 0
L 1.8455746 4.3538112 1.8555746 4.3438112 0 P 0
L 1.8455746 4.3638112 1.8555746 4.3638112 0 P 0
L 1.8465746 4.1856363 1.8465746 4.1956363 0 P 0
L 1.8465746 4.1856363 1.8565746 4.1856363 0 P 0
L 1.8465746 4.1956363 1.8565746 4.2056363 0 P 0
L 1.8465746 4.2156363 1.8465746 4.2256363 0 P 0
L 1.8465746 4.2156363 1.8565746 4.2056363 0 P 0
L 1.8465746 4.2256363 1.8565746 4.2256363 0 P 0
L 1.8473716 4.2548393 1.8473716 4.2648393 0 P 0
L 1.8473716 4.2548393 1.8573716 4.2548393 0 P 0
L 1.8473716 4.2648393 1.8573716 4.2748393 0 P 0
L 1.8473716 4.2848393 1.8473716 4.2948393 0 P 0
L 1.8473716 4.2848393 1.8573716 4.2748393 0 P 0
L 1.8473716 4.2948393 1.8573716 4.2948393 0 P 0
L 1.8483716 4.0576363 1.8483716 4.0676363 0 P 0
L 1.8483716 4.0576363 1.8583716 4.0576363 0 P 0
L 1.8483716 4.0676363 1.8583716 4.0776363 0 P 0
L 1.8483716 4.0876363 1.8483716 4.0976363 0 P 0
L 1.8483716 4.0876363 1.8583716 4.0776363 0 P 0
L 1.8483716 4.0976363 1.8583716 4.0976363 0 P 0
L 1.8483716 4.1196363 1.8483716 4.1296363 0 P 0
L 1.8483716 4.1196363 1.8583716 4.1196363 0 P 0
L 1.8483716 4.1296363 1.8583716 4.1396363 0 P 0
L 1.8483716 4.1496363 1.8483716 4.1596363 0 P 0
L 1.8483716 4.1496363 1.8583716 4.1396363 0 P 0
L 1.8483716 4.1596363 1.8583716 4.1596363 0 P 0
L 1.8484425 3.8556363 1.8484425 3.8656363 0 P 0
L 1.8484425 3.8556363 1.8584425 3.8556363 0 P 0
L 1.8484425 3.8656363 1.8584425 3.8756363 0 P 0
L 1.8484425 3.8856363 1.8484425 3.8956363 0 P 0
L 1.8484425 3.8856363 1.8584425 3.8756363 0 P 0
L 1.8484425 3.8956363 1.8584425 3.8956363 0 P 0
L 1.848907 3.9226363 1.848907 3.9326363 0 P 0
L 1.848907 3.9226363 1.858907 3.9226363 0 P 0
L 1.848907 3.9326363 1.858907 3.9426363 0 P 0
L 1.848907 3.9526363 1.848907 3.9626363 0 P 0
L 1.848907 3.9526363 1.858907 3.9426363 0 P 0
L 1.848907 3.9626363 1.858907 3.9626363 0 P 0
L 1.8493716 3.9906363 1.8493716 4.0006363 0 P 0
L 1.8493716 3.9906363 1.8593716 3.9906363 0 P 0
L 1.8493716 4.0006363 1.8593716 4.0106363 0 P 0
L 1.8493716 4.0206363 1.8493716 4.0306363 0 P 0
L 1.8493716 4.0206363 1.8593716 4.0106363 0 P 0
L 1.8493716 4.0306363 1.8593716 4.0306363 0 P 0
L 1.851 1.253 1.861 1.243 0 P 0
L 1.851 1.273 1.861 1.283 0 P 0
L 1.8555746 4.3238112 1.8655746 4.3338112 0 P 0
L 1.8555746 4.3638112 1.8655746 4.3538112 0 P 0
L 1.856 1.736 1.876 1.716 0 P 0
L 1.856 1.736 1.876 1.756 0 P 0
L 1.8565746 4.1856363 1.8665746 4.1956363 0 P 0
L 1.8565746 4.2256363 1.8665746 4.2156363 0 P 0
L 1.8573716 4.2548393 1.8673716 4.2648393 0 P 0
L 1.8573716 4.2948393 1.8673716 4.2848393 0 P 0
L 1.8583716 4.0576363 1.8683716 4.0676363 0 P 0
L 1.8583716 4.0976363 1.8683716 4.0876363 0 P 0
L 1.8583716 4.1196363 1.8683716 4.1296363 0 P 0
L 1.8583716 4.1596363 1.8683716 4.1496363 0 P 0
L 1.8584425 3.8556363 1.8684425 3.8656363 0 P 0
L 1.8584425 3.8956363 1.8684425 3.8856363 0 P 0
L 1.858907 3.9226363 1.868907 3.9326363 0 P 0
L 1.858907 3.9626363 1.868907 3.9526363 0 P 0
L 1.8593716 3.9906363 1.8693716 4.0006363 0 P 0
L 1.8593716 4.0306363 1.8693716 4.0206363 0 P 0
L 1.861 1.243 1.871 1.243 0 P 0
L 1.861 1.263 1.871 1.253 0 P 0
L 1.861 1.263 1.871 1.273 0 P 0
L 1.861 1.283 1.871 1.283 0 P 0
L 1.8655746 4.3338112 1.8755746 4.3238112 0 P 0
L 1.8655746 4.3538112 1.8755746 4.3638112 0 P 0
L 1.8665746 4.1956363 1.8765746 4.1856363 0 P 0
L 1.8665746 4.2156363 1.8765746 4.2256363 0 P 0
L 1.867 1.21 1.867 1.22 0 P 0
L 1.867 1.21 1.877 1.21 0 P 0
L 1.867 1.22 1.877 1.23 0 P 0
L 1.867 1.24 1.867 1.25 0 P 0
L 1.867 1.24 1.877 1.23 0 P 0
L 1.867 1.25 1.877 1.25 0 P 0
L 1.867 5.073 1.877 5.093 0 P 0
L 1.867 5.073 1.887 5.083 0 P 0
L 1.867 5.113 1.877 5.093 0 P 0
L 1.867 5.113 1.887 5.103 0 P 0
L 1.8673716 4.2648393 1.8773716 4.2548393 0 P 0
L 1.8673716 4.2848393 1.8773716 4.2948393 0 P 0
L 1.8683716 4.0676363 1.8783716 4.0576363 0 P 0
L 1.8683716 4.0876363 1.8783716 4.0976363 0 P 0
L 1.8683716 4.1296363 1.8783716 4.1196363 0 P 0
L 1.8683716 4.1496363 1.8783716 4.1596363 0 P 0
L 1.8684425 3.8656363 1.8784425 3.8556363 0 P 0
L 1.8684425 3.8856363 1.8784425 3.8956363 0 P 0
L 1.868907 3.9326363 1.878907 3.9226363 0 P 0
L 1.868907 3.9526363 1.878907 3.9626363 0 P 0
L 1.8693716 4.0006363 1.8793716 3.9906363 0 P 0
L 1.8693716 4.0206363 1.8793716 4.0306363 0 P 0
L 1.871 1.243 1.871 1.253 0 P 0
L 1.871 1.273 1.871 1.283 0 P 0
L 1.872 2.245 1.892 2.205 0 P 0
L 1.872 2.245 1.912 2.245 0 P 0
L 1.872 2.545 1.892 2.505 0 P 0
L 1.872 2.545 1.912 2.545 0 P 0
L 1.8755746 4.3238112 1.8855746 4.3238112 0 P 0
L 1.8755746 4.3438112 1.8855746 4.3338112 0 P 0
L 1.8755746 4.3438112 1.8855746 4.3538112 0 P 0
L 1.8755746 4.3638112 1.8855746 4.3638112 0 P 0
L 1.876 1.716 1.896 1.736 0 P 0
L 1.876 1.756 1.896 1.736 0 P 0
L 1.8765746 4.1856363 1.8865746 4.1856363 0 P 0
L 1.8765746 4.2056363 1.8865746 4.1956363 0 P 0
L 1.8765746 4.2056363 1.8865746 4.2156363 0 P 0
L 1.8765746 4.2256363 1.8865746 4.2256363 0 P 0
L 1.877 1.21 1.887 1.22 0 P 0
L 1.877 1.25 1.887 1.24 0 P 0
L 1.8773716 4.2548393 1.8873716 4.2548393 0 P 0
L 1.8773716 4.2748393 1.8873716 4.2648393 0 P 0
L 1.8773716 4.2748393 1.8873716 4.2848393 0 P 0
L 1.8773716 4.2948393 1.8873716 4.2948393 0 P 0
L 1.8783716 4.0576363 1.8883716 4.0576363 0 P 0
L 1.8783716 4.0776363 1.8883716 4.0676363 0 P 0
L 1.8783716 4.0776363 1.8883716 4.0876363 0 P 0
L 1.8783716 4.0976363 1.8883716 4.0976363 0 P 0
L 1.8783716 4.1196363 1.8883716 4.1196363 0 P 0
L 1.8783716 4.1396363 1.8883716 4.1296363 0 P 0
L 1.8783716 4.1396363 1.8883716 4.1496363 0 P 0
L 1.8783716 4.1596363 1.8883716 4.1596363 0 P 0
L 1.8784425 3.8556363 1.8884425 3.8556363 0 P 0
L 1.8784425 3.8756363 1.8884425 3.8656363 0 P 0
L 1.8784425 3.8756363 1.8884425 3.8856363 0 P 0
L 1.8784425 3.8956363 1.8884425 3.8956363 0 P 0
L 1.878907 3.9226363 1.888907 3.9226363 0 P 0
L 1.878907 3.9426363 1.888907 3.9326363 0 P 0
L 1.878907 3.9426363 1.888907 3.9526363 0 P 0
L 1.878907 3.9626363 1.888907 3.9626363 0 P 0
L 1.8793716 3.9906363 1.8893716 3.9906363 0 P 0
L 1.8793716 4.0106363 1.8893716 4.0006363 0 P 0
L 1.8793716 4.0106363 1.8893716 4.0206363 0 P 0
L 1.8793716 4.0306363 1.8893716 4.0306363 0 P 0
L 1.8855746 4.3238112 1.8855746 4.3338112 0 P 0
L 1.8855746 4.3538112 1.8855746 4.3638112 0 P 0
L 1.8865746 4.1856363 1.8865746 4.1956363 0 P 0
L 1.8865746 4.2156363 1.8865746 4.2256363 0 P 0
L 1.887 1.22 1.897 1.21 0 P 0
L 1.887 1.24 1.897 1.25 0 P 0
L 1.887 5.083 1.907 5.073 0 P 0
L 1.887 5.103 1.907 5.113 0 P 0
L 1.8873716 4.2548393 1.8873716 4.2648393 0 P 0
L 1.8873716 4.2848393 1.8873716 4.2948393 0 P 0
L 1.8883716 4.0576363 1.8883716 4.0676363 0 P 0
L 1.8883716 4.0876363 1.8883716 4.0976363 0 P 0
L 1.8883716 4.1196363 1.8883716 4.1296363 0 P 0
L 1.8883716 4.1496363 1.8883716 4.1596363 0 P 0
L 1.8884425 3.8556363 1.8884425 3.8656363 0 P 0
L 1.8884425 3.8856363 1.8884425 3.8956363 0 P 0
L 1.888907 3.9226363 1.888907 3.9326363 0 P 0
L 1.888907 3.9526363 1.888907 3.9626363 0 P 0
L 1.8893716 3.9906363 1.8893716 4.0006363 0 P 0
L 1.8893716 4.0206363 1.8893716 4.0306363 0 P 0
L 1.892 2.205 1.912 2.245 0 P 0
L 1.892 2.505 1.912 2.545 0 P 0
L 1.897 1.21 1.907 1.21 0 P 0
L 1.897 1.23 1.907 1.22 0 P 0
L 1.897 1.23 1.907 1.24 0 P 0
L 1.897 1.25 1.907 1.25 0 P 0
L 1.897 5.093 1.907 5.073 0 P 0
L 1.897 5.093 1.907 5.113 0 P 0
L 1.907 1.21 1.907 1.22 0 P 0
L 1.907 1.24 1.907 1.25 0 P 0
L 1.915 1.981 1.915 1.991 0 P 0
L 1.915 1.981 1.925 1.981 0 P 0
L 1.915 1.991 1.925 2.001 0 P 0
L 1.915 2.011 1.915 2.021 0 P 0
L 1.915 2.011 1.925 2.001 0 P 0
L 1.915 2.021 1.925 2.021 0 P 0
L 1.925 1.981 1.935 1.991 0 P 0
L 1.925 2.021 1.935 2.011 0 P 0
L 1.928 4.537 1.928 4.557 0 P 0
L 1.928 4.537 1.938 4.537 0 P 0
L 1.928 4.557 1.938 4.557 0 P 0
L 1.928 4.637 1.928 4.657 0 P 0
L 1.928 4.637 1.938 4.637 0 P 0
L 1.928 4.657 1.938 4.657 0 P 0
L 1.928 4.737 1.928 4.757 0 P 0
L 1.928 4.737 1.938 4.737 0 P 0
L 1.928 4.757 1.938 4.757 0 P 0
L 1.929 3.029 1.929 3.039 0 P 0
L 1.929 3.029 1.939 3.029 0 P 0
L 1.929 3.039 1.939 3.049 0 P 0
L 1.929 3.059 1.929 3.069 0 P 0
L 1.929 3.059 1.939 3.049 0 P 0
L 1.929 3.069 1.939 3.069 0 P 0
L 1.935 1.991 1.945 1.981 0 P 0
L 1.935 2.011 1.945 2.021 0 P 0
L 1.938 4.527 1.938 4.537 0 P 0
L 1.938 4.527 1.958 4.527 0 P 0
L 1.938 4.557 1.938 4.567 0 P 0
L 1.938 4.567 1.958 4.567 0 P 0
L 1.938 4.627 1.938 4.637 0 P 0
L 1.938 4.627 1.958 4.627 0 P 0
L 1.938 4.657 1.938 4.667 0 P 0
L 1.938 4.667 1.958 4.667 0 P 0
L 1.938 4.727 1.938 4.737 0 P 0
L 1.938 4.727 1.958 4.727 0 P 0
L 1.938 4.757 1.938 4.767 0 P 0
L 1.938 4.767 1.958 4.767 0 P 0
L 1.939 3.029 1.949 3.039 0 P 0
L 1.939 3.069 1.949 3.059 0 P 0
L 1.945 1.981 1.955 1.981 0 P 0
L 1.945 2.001 1.955 1.991 0 P 0
L 1.945 2.001 1.955 2.011 0 P 0
L 1.945 2.021 1.955 2.021 0 P 0
L 1.949 3.039 1.959 3.029 0 P 0
L 1.949 3.059 1.959 3.069 0 P 0
L 1.954 1.812 1.954 1.822 0 P 0
L 1.954 1.812 1.964 1.812 0 P 0
L 1.954 1.822 1.964 1.832 0 P 0
L 1.954 1.842 1.954 1.852 0 P 0
L 1.954 1.842 1.964 1.832 0 P 0
L 1.954 1.852 1.964 1.852 0 P 0
L 1.955 1.981 1.955 1.991 0 P 0
L 1.955 2.011 1.955 2.021 0 P 0
L 1.958 4.527 1.958 4.537 0 P 0
L 1.958 4.537 1.968 4.537 0 P 0
L 1.958 4.557 1.958 4.567 0 P 0
L 1.958 4.557 1.968 4.557 0 P 0
L 1.958 4.627 1.958 4.637 0 P 0
L 1.958 4.637 1.968 4.637 0 P 0
L 1.958 4.657 1.958 4.667 0 P 0
L 1.958 4.657 1.968 4.657 0 P 0
L 1.958 4.727 1.958 4.737 0 P 0
L 1.958 4.737 1.968 4.737 0 P 0
L 1.958 4.757 1.958 4.767 0 P 0
L 1.958 4.757 1.968 4.757 0 P 0
L 1.959 3.029 1.969 3.029 0 P 0
L 1.959 3.049 1.969 3.039 0 P 0
L 1.959 3.049 1.969 3.059 0 P 0
L 1.959 3.069 1.969 3.069 0 P 0
L 1.964 1.812 1.974 1.822 0 P 0
L 1.964 1.852 1.974 1.842 0 P 0
L 1.965 5.074 1.975 5.094 0 P 0
L 1.965 5.074 1.985 5.084 0 P 0
L 1.965 5.114 1.975 5.094 0 P 0
L 1.965 5.114 1.985 5.104 0 P 0
L 1.968 4.537 1.968 4.557 0 P 0
L 1.968 4.637 1.968 4.657 0 P 0
L 1.968 4.737 1.968 4.757 0 P 0
L 1.969 3.029 1.969 3.039 0 P 0
L 1.969 3.059 1.969 3.069 0 P 0
L 1.972 2.245 1.992 2.205 0 P 0
L 1.972 2.245 2.012 2.245 0 P 0
L 1.972 2.545 1.992 2.505 0 P 0
L 1.972 2.545 2.012 2.545 0 P 0
L 1.974 1.822 1.984 1.812 0 P 0
L 1.974 1.842 1.984 1.852 0 P 0
L 1.984 1.812 1.994 1.812 0 P 0
L 1.984 1.832 1.994 1.822 0 P 0
L 1.984 1.832 1.994 1.842 0 P 0
L 1.984 1.852 1.994 1.852 0 P 0
L 1.985 5.084 2.005 5.074 0 P 0
L 1.985 5.104 2.005 5.114 0 P 0
L 1.992 2.205 2.012 2.245 0 P 0
L 1.992 2.505 2.012 2.545 0 P 0
L 1.994 1.812 1.994 1.822 0 P 0
L 1.994 1.842 1.994 1.852 0 P 0
L 1.995 5.094 2.005 5.074 0 P 0
L 1.995 5.094 2.005 5.114 0 P 0
L 2.0085 1.831 2.0085 1.841 0 P 0
L 2.0085 1.831 2.0185 1.831 0 P 0
L 2.0085 1.841 2.0185 1.851 0 P 0
L 2.0085 1.861 2.0085 1.871 0 P 0
L 2.0085 1.861 2.0185 1.851 0 P 0
L 2.0085 1.871 2.0185 1.871 0 P 0
L 2.0185 1.831 2.0285 1.841 0 P 0
L 2.0185 1.871 2.0285 1.861 0 P 0
L 2.019 3.159 2.019 3.169 0 P 0
L 2.019 3.159 2.029 3.159 0 P 0
L 2.019 3.169 2.029 3.179 0 P 0
L 2.019 3.189 2.019 3.199 0 P 0
L 2.019 3.189 2.029 3.179 0 P 0
L 2.019 3.199 2.029 3.199 0 P 0
L 2.0285 1.841 2.0385 1.831 0 P 0
L 2.0285 1.861 2.0385 1.871 0 P 0
L 2.029 3.159 2.039 3.169 0 P 0
L 2.029 3.199 2.039 3.189 0 P 0
L 2.0385 1.831 2.0485 1.831 0 P 0
L 2.0385 1.851 2.0485 1.841 0 P 0
L 2.0385 1.851 2.0485 1.861 0 P 0
L 2.0385 1.871 2.0485 1.871 0 P 0
L 2.039 3.169 2.049 3.159 0 P 0
L 2.039 3.189 2.049 3.199 0 P 0
L 2.039289 1.604711 2.039289 1.614711 0 P 0
L 2.039289 1.604711 2.049289 1.604711 0 P 0
L 2.039289 1.614711 2.049289 1.624711 0 P 0
L 2.039289 1.634711 2.039289 1.644711 0 P 0
L 2.039289 1.634711 2.049289 1.624711 0 P 0
L 2.039289 1.644711 2.049289 1.644711 0 P 0
L 2.0485 1.831 2.0485 1.841 0 P 0
L 2.0485 1.861 2.0485 1.871 0 P 0
L 2.049 3.159 2.059 3.159 0 P 0
L 2.049 3.179 2.059 3.169 0 P 0
L 2.049 3.179 2.059 3.189 0 P 0
L 2.049 3.199 2.059 3.199 0 P 0
L 2.049289 1.604711 2.059289 1.614711 0 P 0
L 2.049289 1.644711 2.059289 1.634711 0 P 0
L 2.059 3.159 2.059 3.169 0 P 0
L 2.059 3.189 2.059 3.199 0 P 0
L 2.059289 1.614711 2.069289 1.604711 0 P 0
L 2.059289 1.634711 2.069289 1.644711 0 P 0
L 2.0609192 4.5540906 2.0809192 4.5340906 0 P 0
L 2.0609192 4.5540906 2.0809192 4.5740906 0 P 0
L 2.063 5.075 2.073 5.095 0 P 0
L 2.063 5.075 2.083 5.085 0 P 0
L 2.063 5.115 2.073 5.095 0 P 0
L 2.063 5.115 2.083 5.105 0 P 0
L 2.069289 1.604711 2.079289 1.604711 0 P 0
L 2.069289 1.624711 2.079289 1.614711 0 P 0
L 2.069289 1.624711 2.079289 1.634711 0 P 0
L 2.069289 1.644711 2.079289 1.644711 0 P 0
L 2.079289 1.604711 2.079289 1.614711 0 P 0
L 2.079289 1.634711 2.079289 1.644711 0 P 0
L 2.0809192 4.5340906 2.1009192 4.5540906 0 P 0
L 2.0809192 4.5740906 2.1009192 4.5540906 0 P 0
L 2.083 5.085 2.103 5.075 0 P 0
L 2.083 5.105 2.103 5.115 0 P 0
L 2.092 0.2101496 2.092 0.2501496 0 P 0
L 2.092 0.2101496 2.132 0.2101496 0 P 0
L 2.092 0.2501496 2.132 0.2501496 0 P 0
L 2.092 0.407 2.092 0.447 0 P 0
L 2.092 0.407 2.132 0.407 0 P 0
L 2.092 0.447 2.132 0.447 0 P 0
L 2.093 5.095 2.103 5.075 0 P 0
L 2.093 5.095 2.103 5.115 0 P 0
L 2.111 1.493 2.111 1.503 0 P 0
L 2.111 1.493 2.121 1.493 0 P 0
L 2.111 1.503 2.121 1.513 0 P 0
L 2.111 1.523 2.111 1.533 0 P 0
L 2.111 1.523 2.121 1.513 0 P 0
L 2.111 1.533 2.121 1.533 0 P 0
L 2.116 4.665 2.116 4.675 0 P 0
L 2.116 4.665 2.126 4.665 0 P 0
L 2.116 4.675 2.126 4.685 0 P 0
L 2.116 4.695 2.116 4.705 0 P 0
L 2.116 4.695 2.126 4.685 0 P 0
L 2.116 4.705 2.126 4.705 0 P 0
L 2.121 1.493 2.131 1.503 0 P 0
L 2.121 1.533 2.131 1.523 0 P 0
L 2.126 4.665 2.136 4.675 0 P 0
L 2.126 4.705 2.136 4.695 0 P 0
L 2.131 1.503 2.141 1.493 0 P 0
L 2.131 1.523 2.141 1.533 0 P 0
L 2.132 0.2101496 2.132 0.2501496 0 P 0
L 2.132 0.407 2.132 0.447 0 P 0
L 2.136 4.675 2.146 4.665 0 P 0
L 2.136 4.695 2.146 4.705 0 P 0
L 2.1380393 3.5625212 2.1380393 3.5725212 0 P 0
L 2.1380393 3.5625212 2.1480393 3.5625212 0 P 0
L 2.1380393 3.5725212 2.1480393 3.5825212 0 P 0
L 2.1380393 3.5925212 2.1380393 3.6025212 0 P 0
L 2.1380393 3.5925212 2.1480393 3.5825212 0 P 0
L 2.1380393 3.6025212 2.1480393 3.6025212 0 P 0
L 2.1380393 3.616 2.1380393 3.626 0 P 0
L 2.1380393 3.616 2.1480393 3.616 0 P 0
L 2.1380393 3.626 2.1480393 3.636 0 P 0
L 2.1380393 3.646 2.1380393 3.656 0 P 0
L 2.1380393 3.646 2.1480393 3.636 0 P 0
L 2.1380393 3.656 2.1480393 3.656 0 P 0
L 2.1388682 3.6717775 2.1388682 3.6817775 0 P 0
L 2.1388682 3.6717775 2.1488682 3.6717775 0 P 0
L 2.1388682 3.6817775 2.1488682 3.6917775 0 P 0
L 2.1388682 3.7017775 2.1388682 3.7117775 0 P 0
L 2.1388682 3.7017775 2.1488682 3.6917775 0 P 0
L 2.1388682 3.7117775 2.1488682 3.7117775 0 P 0
L 2.1395039 3.722 2.1395039 3.732 0 P 0
L 2.1395039 3.722 2.1495039 3.722 0 P 0
L 2.1395039 3.732 2.1495039 3.742 0 P 0
L 2.1395039 3.752 2.1395039 3.762 0 P 0
L 2.1395039 3.752 2.1495039 3.742 0 P 0
L 2.1395039 3.762 2.1495039 3.762 0 P 0
L 2.141 1.493 2.151 1.493 0 P 0
L 2.141 1.513 2.151 1.503 0 P 0
L 2.141 1.513 2.151 1.523 0 P 0
L 2.141 1.533 2.151 1.533 0 P 0
L 2.146 4.665 2.156 4.665 0 P 0
L 2.146 4.685 2.156 4.675 0 P 0
L 2.146 4.685 2.156 4.695 0 P 0
L 2.146 4.705 2.156 4.705 0 P 0
L 2.1480393 3.5625212 2.1580393 3.5725212 0 P 0
L 2.1480393 3.6025212 2.1580393 3.5925212 0 P 0
L 2.1480393 3.616 2.1580393 3.626 0 P 0
L 2.1480393 3.656 2.1580393 3.646 0 P 0
L 2.1488682 3.6717775 2.1588682 3.6817775 0 P 0
L 2.1488682 3.7117775 2.1588682 3.7017775 0 P 0
L 2.1495039 3.722 2.1595039 3.732 0 P 0
L 2.1495039 3.762 2.1595039 3.752 0 P 0
L 2.151 1.493 2.151 1.503 0 P 0
L 2.151 1.523 2.151 1.533 0 P 0
L 2.156 4.665 2.156 4.675 0 P 0
L 2.156 4.695 2.156 4.705 0 P 0
L 2.157 1.6601087 2.177 1.6401087 0 P 0
L 2.157 1.6601087 2.177 1.6801087 0 P 0
L 2.1580393 3.5725212 2.1680393 3.5625212 0 P 0
L 2.1580393 3.5925212 2.1680393 3.6025212 0 P 0
L 2.1580393 3.626 2.1680393 3.616 0 P 0
L 2.1580393 3.646 2.1680393 3.656 0 P 0
L 2.1588682 3.6817775 2.1688682 3.6717775 0 P 0
L 2.1588682 3.7017775 2.1688682 3.7117775 0 P 0
L 2.1595039 3.732 2.1695039 3.722 0 P 0
L 2.1595039 3.752 2.1695039 3.762 0 P 0
L 2.161 5.076 2.171 5.096 0 P 0
L 2.161 5.076 2.181 5.086 0 P 0
L 2.161 5.116 2.171 5.096 0 P 0
L 2.161 5.116 2.181 5.106 0 P 0
L 2.1680393 3.5625212 2.1780393 3.5625212 0 P 0
L 2.1680393 3.5825212 2.1780393 3.5725212 0 P 0
L 2.1680393 3.5825212 2.1780393 3.5925212 0 P 0
L 2.1680393 3.6025212 2.1780393 3.6025212 0 P 0
L 2.1680393 3.616 2.1780393 3.616 0 P 0
L 2.1680393 3.636 2.1780393 3.626 0 P 0
L 2.1680393 3.636 2.1780393 3.646 0 P 0
L 2.1680393 3.656 2.1780393 3.656 0 P 0
L 2.1688682 3.6717775 2.1788682 3.6717775 0 P 0
L 2.1688682 3.6917775 2.1788682 3.6817775 0 P 0
L 2.1688682 3.6917775 2.1788682 3.7017775 0 P 0
L 2.1688682 3.7117775 2.1788682 3.7117775 0 P 0
L 2.1695039 3.722 2.1795039 3.722 0 P 0
L 2.1695039 3.742 2.1795039 3.732 0 P 0
L 2.1695039 3.742 2.1795039 3.752 0 P 0
L 2.1695039 3.762 2.1795039 3.762 0 P 0
L 2.172 3.009 2.172 3.019 0 P 0
L 2.172 3.009 2.182 3.009 0 P 0
L 2.172 3.019 2.182 3.029 0 P 0
L 2.172 3.039 2.172 3.049 0 P 0
L 2.172 3.039 2.182 3.029 0 P 0
L 2.172 3.049 2.182 3.049 0 P 0
L 2.177 1.6401087 2.197 1.6601087 0 P 0
L 2.177 1.6801087 2.197 1.6601087 0 P 0
L 2.1780393 3.5625212 2.1780393 3.5725212 0 P 0
L 2.1780393 3.5925212 2.1780393 3.6025212 0 P 0
L 2.1780393 3.616 2.1780393 3.626 0 P 0
L 2.1780393 3.646 2.1780393 3.656 0 P 0
L 2.1788682 3.6717775 2.1788682 3.6817775 0 P 0
L 2.1788682 3.7017775 2.1788682 3.7117775 0 P 0
L 2.1795039 3.722 2.1795039 3.732 0 P 0
L 2.1795039 3.752 2.1795039 3.762 0 P 0
L 2.181 5.086 2.201 5.076 0 P 0
L 2.181 5.106 2.201 5.116 0 P 0
L 2.182 3.009 2.192 3.019 0 P 0
L 2.182 3.049 2.192 3.039 0 P 0
L 2.183 3.645 2.203 3.625 0 P 0
L 2.183 3.645 2.203 3.665 0 P 0
L 2.191 5.096 2.201 5.076 0 P 0
L 2.191 5.096 2.201 5.116 0 P 0
L 2.191126 1.1391496 2.191126 1.1791496 0 P 0
L 2.191126 1.1391496 2.231126 1.1391496 0 P 0
L 2.191126 1.1791496 2.231126 1.1791496 0 P 0
L 2.191126 1.336 2.191126 1.376 0 P 0
L 2.191126 1.336 2.231126 1.336 0 P 0
L 2.191126 1.376 2.231126 1.376 0 P 0
L 2.192 3.019 2.202 3.009 0 P 0
L 2.192 3.039 2.202 3.049 0 P 0
L 2.202 3.009 2.212 3.009 0 P 0
L 2.202 3.029 2.212 3.019 0 P 0
L 2.202 3.029 2.212 3.039 0 P 0
L 2.202 3.049 2.212 3.049 0 P 0
L 2.203 3.625 2.223 3.645 0 P 0
L 2.203 3.665 2.223 3.645 0 P 0
L 2.212 3.009 2.212 3.019 0 P 0
L 2.212 3.039 2.212 3.049 0 P 0
L 2.231126 1.1391496 2.231126 1.1791496 0 P 0
L 2.231126 1.336 2.231126 1.376 0 P 0
L 2.256 4.073557 2.256 4.093557 0 P 0
L 2.256 4.073557 2.266 4.073557 0 P 0
L 2.256 4.093557 2.266 4.093557 0 P 0
L 2.256 4.173557 2.256 4.193557 0 P 0
L 2.256 4.173557 2.266 4.173557 0 P 0
L 2.256 4.193557 2.266 4.193557 0 P 0
L 2.257 4.422 2.257 4.442 0 P 0
L 2.257 4.422 2.267 4.422 0 P 0
L 2.257 4.442 2.267 4.442 0 P 0
L 2.257 4.522 2.257 4.542 0 P 0
L 2.257 4.522 2.267 4.522 0 P 0
L 2.257 4.542 2.267 4.542 0 P 0
L 2.259 5.077 2.269 5.097 0 P 0
L 2.259 5.077 2.279 5.087 0 P 0
L 2.259 5.117 2.269 5.097 0 P 0
L 2.259 5.117 2.279 5.107 0 P 0
L 2.266 4.063557 2.266 4.073557 0 P 0
L 2.266 4.063557 2.286 4.063557 0 P 0
L 2.266 4.093557 2.266 4.103557 0 P 0
L 2.266 4.103557 2.286 4.103557 0 P 0
L 2.266 4.163557 2.266 4.173557 0 P 0
L 2.266 4.163557 2.286 4.163557 0 P 0
L 2.266 4.193557 2.266 4.203557 0 P 0
L 2.266 4.203557 2.286 4.203557 0 P 0
L 2.267 4.412 2.267 4.422 0 P 0
L 2.267 4.412 2.287 4.412 0 P 0
L 2.267 4.442 2.267 4.452 0 P 0
L 2.267 4.452 2.287 4.452 0 P 0
L 2.267 4.512 2.267 4.522 0 P 0
L 2.267 4.512 2.287 4.512 0 P 0
L 2.267 4.542 2.267 4.552 0 P 0
L 2.267 4.552 2.287 4.552 0 P 0
L 2.279 5.087 2.299 5.077 0 P 0
L 2.279 5.107 2.299 5.117 0 P 0
L 2.286 4.063557 2.286 4.073557 0 P 0
L 2.286 4.073557 2.296 4.073557 0 P 0
L 2.286 4.093557 2.286 4.103557 0 P 0
L 2.286 4.093557 2.296 4.093557 0 P 0
L 2.286 4.163557 2.286 4.173557 0 P 0
L 2.286 4.173557 2.296 4.173557 0 P 0
L 2.286 4.193557 2.286 4.203557 0 P 0
L 2.286 4.193557 2.296 4.193557 0 P 0
L 2.287 4.412 2.287 4.422 0 P 0
L 2.287 4.422 2.297 4.422 0 P 0
L 2.287 4.442 2.287 4.452 0 P 0
L 2.287 4.442 2.297 4.442 0 P 0
L 2.287 4.512 2.287 4.522 0 P 0
L 2.287 4.522 2.297 4.522 0 P 0
L 2.287 4.542 2.287 4.552 0 P 0
L 2.287 4.542 2.297 4.542 0 P 0
L 2.289 5.097 2.299 5.077 0 P 0
L 2.289 5.097 2.299 5.117 0 P 0
L 2.296 4.073557 2.296 4.093557 0 P 0
L 2.296 4.173557 2.296 4.193557 0 P 0
L 2.297 4.422 2.297 4.442 0 P 0
L 2.297 4.522 2.297 4.542 0 P 0
L 2.311 3.558 2.331 3.538 0 P 0
L 2.311 3.558 2.331 3.578 0 P 0
L 2.331 1.772 2.331 1.782 0 P 0
L 2.331 1.772 2.341 1.772 0 P 0
L 2.331 1.782 2.341 1.792 0 P 0
L 2.331 1.802 2.331 1.812 0 P 0
L 2.331 1.802 2.341 1.792 0 P 0
L 2.331 1.812 2.341 1.812 0 P 0
L 2.331 3.538 2.351 3.558 0 P 0
L 2.331 3.578 2.351 3.558 0 P 0
L 2.341 1.772 2.351 1.782 0 P 0
L 2.341 1.812 2.351 1.802 0 P 0
L 2.351 1.782 2.361 1.772 0 P 0
L 2.351 1.802 2.361 1.812 0 P 0
L 2.358 4.136 2.368 4.136 0 P 0
L 2.358 4.136 2.368 4.146 0 P 0
L 2.358 4.156 2.368 4.146 0 P 0
L 2.358 4.156 2.368 4.156 0 P 0
L 2.358 4.236 2.368 4.236 0 P 0
L 2.358 4.236 2.368 4.246 0 P 0
L 2.358 4.256 2.368 4.246 0 P 0
L 2.358 4.256 2.368 4.256 0 P 0
L 2.361 1.772 2.371 1.772 0 P 0
L 2.361 1.792 2.371 1.782 0 P 0
L 2.361 1.792 2.371 1.802 0 P 0
L 2.361 1.812 2.371 1.812 0 P 0
L 2.3664823 4.408 2.3764823 4.408 0 P 0
L 2.3664823 4.408 2.3764823 4.418 0 P 0
L 2.3664823 4.428 2.3764823 4.418 0 P 0
L 2.3664823 4.428 2.3764823 4.428 0 P 0
L 2.3664823 4.508 2.3764823 4.508 0 P 0
L 2.3664823 4.508 2.3764823 4.518 0 P 0
L 2.3664823 4.528 2.3764823 4.518 0 P 0
L 2.3664823 4.528 2.3764823 4.528 0 P 0
L 2.368 4.136 2.378 4.126 0 P 0
L 2.368 4.156 2.378 4.166 0 P 0
L 2.368 4.236 2.378 4.226 0 P 0
L 2.368 4.256 2.378 4.266 0 P 0
L 2.371 1.772 2.371 1.782 0 P 0
L 2.371 1.802 2.371 1.812 0 P 0
L 2.3764823 4.408 2.3864823 4.398 0 P 0
L 2.3764823 4.428 2.3864823 4.438 0 P 0
L 2.3764823 4.508 2.3864823 4.498 0 P 0
L 2.3764823 4.528 2.3864823 4.538 0 P 0
L 2.378 4.126 2.388 4.136 0 P 0
L 2.378 4.166 2.388 4.156 0 P 0
L 2.378 4.226 2.388 4.236 0 P 0
L 2.378 4.266 2.388 4.256 0 P 0
L 2.383 5.181 2.403 5.161 0 P 0
L 2.383 5.181 2.403 5.201 0 P 0
L 2.3864823 4.398 2.3964823 4.408 0 P 0
L 2.3864823 4.438 2.3964823 4.428 0 P 0
L 2.3864823 4.498 2.3964823 4.508 0 P 0
L 2.3864823 4.538 2.3964823 4.528 0 P 0
L 2.388 4.136 2.398 4.136 0 P 0
L 2.388 4.146 2.398 4.136 0 P 0
L 2.388 4.146 2.398 4.156 0 P 0
L 2.388 4.156 2.398 4.156 0 P 0
L 2.388 4.236 2.398 4.236 0 P 0
L 2.388 4.246 2.398 4.236 0 P 0
L 2.388 4.246 2.398 4.256 0 P 0
L 2.388 4.256 2.398 4.256 0 P 0
L 2.3964823 4.408 2.4064823 4.408 0 P 0
L 2.3964823 4.418 2.4064823 4.408 0 P 0
L 2.3964823 4.418 2.4064823 4.428 0 P 0
L 2.3964823 4.428 2.4064823 4.428 0 P 0
L 2.3964823 4.508 2.4064823 4.508 0 P 0
L 2.3964823 4.518 2.4064823 4.508 0 P 0
L 2.3964823 4.518 2.4064823 4.528 0 P 0
L 2.3964823 4.528 2.4064823 4.528 0 P 0
L 2.403 5.161 2.423 5.181 0 P 0
L 2.403 5.201 2.423 5.181 0 P 0
L 2.408 4.186 2.418 4.186 0 P 0
L 2.408 4.186 2.418 4.196 0 P 0
L 2.408 4.206 2.418 4.196 0 P 0
L 2.408 4.206 2.418 4.206 0 P 0
L 2.4164823 4.458 2.4264823 4.458 0 P 0
L 2.4164823 4.458 2.4264823 4.468 0 P 0
L 2.4164823 4.478 2.4264823 4.468 0 P 0
L 2.4164823 4.478 2.4264823 4.478 0 P 0
L 2.418 4.186 2.428 4.176 0 P 0
L 2.418 4.206 2.428 4.216 0 P 0
L 2.4264823 4.458 2.4364823 4.448 0 P 0
L 2.4264823 4.478 2.4364823 4.488 0 P 0
L 2.428 4.176 2.438 4.186 0 P 0
L 2.428 4.216 2.438 4.206 0 P 0
L 2.4364823 4.448 2.4464823 4.458 0 P 0
L 2.4364823 4.488 2.4464823 4.478 0 P 0
L 2.438 4.186 2.448 4.186 0 P 0
L 2.438 4.196 2.448 4.186 0 P 0
L 2.438 4.196 2.448 4.206 0 P 0
L 2.438 4.206 2.448 4.206 0 P 0
L 2.4464823 4.458 2.4564823 4.458 0 P 0
L 2.4464823 4.468 2.4564823 4.458 0 P 0
L 2.4464823 4.468 2.4564823 4.478 0 P 0
L 2.4464823 4.478 2.4564823 4.478 0 P 0
L 2.458 4.136 2.468 4.136 0 P 0
L 2.458 4.136 2.468 4.146 0 P 0
L 2.458 4.156 2.468 4.146 0 P 0
L 2.458 4.156 2.468 4.156 0 P 0
L 2.458 4.236 2.468 4.236 0 P 0
L 2.458 4.236 2.468 4.246 0 P 0
L 2.458 4.256 2.468 4.246 0 P 0
L 2.458 4.256 2.468 4.256 0 P 0
L 2.462 4.734 2.462 4.744 0 P 0
L 2.462 4.734 2.472 4.734 0 P 0
L 2.462 4.744 2.472 4.754 0 P 0
L 2.462 4.764 2.462 4.774 0 P 0
L 2.462 4.764 2.472 4.754 0 P 0
L 2.462 4.774 2.472 4.774 0 P 0
L 2.4664823 4.408 2.4764823 4.408 0 P 0
L 2.4664823 4.408 2.4764823 4.418 0 P 0
L 2.4664823 4.428 2.4764823 4.418 0 P 0
L 2.4664823 4.428 2.4764823 4.428 0 P 0
L 2.4664823 4.508 2.4764823 4.508 0 P 0
L 2.4664823 4.508 2.4764823 4.518 0 P 0
L 2.4664823 4.528 2.4764823 4.518 0 P 0
L 2.4664823 4.528 2.4764823 4.528 0 P 0
L 2.468 4.136 2.478 4.126 0 P 0
L 2.468 4.156 2.478 4.166 0 P 0
L 2.468 4.236 2.478 4.226 0 P 0
L 2.468 4.256 2.478 4.266 0 P 0
L 2.472 4.734 2.482 4.744 0 P 0
L 2.472 4.774 2.482 4.764 0 P 0
L 2.472 4.978 2.472 4.998 0 P 0
L 2.472 4.978 2.482 4.978 0 P 0
L 2.472 4.998 2.482 4.998 0 P 0
L 2.472 5.078 2.472 5.098 0 P 0
L 2.472 5.078 2.482 5.078 0 P 0
L 2.472 5.098 2.482 5.098 0 P 0
L 2.4764823 4.408 2.4864823 4.398 0 P 0
L 2.4764823 4.428 2.4864823 4.438 0 P 0
L 2.4764823 4.508 2.4864823 4.498 0 P 0
L 2.4764823 4.528 2.4864823 4.538 0 P 0
L 2.478 4.126 2.488 4.136 0 P 0
L 2.478 4.166 2.488 4.156 0 P 0
L 2.478 4.226 2.488 4.236 0 P 0
L 2.478 4.266 2.488 4.256 0 P 0
L 2.482 4.744 2.492 4.734 0 P 0
L 2.482 4.764 2.492 4.774 0 P 0
L 2.482 4.968 2.482 4.978 0 P 0
L 2.482 4.968 2.502 4.968 0 P 0
L 2.482 4.998 2.482 5.008 0 P 0
L 2.482 5.008 2.502 5.008 0 P 0
L 2.482 5.068 2.482 5.078 0 P 0
L 2.482 5.068 2.502 5.068 0 P 0
L 2.482 5.098 2.482 5.108 0 P 0
L 2.482 5.108 2.502 5.108 0 P 0
L 2.4864823 4.398 2.4964823 4.408 0 P 0
L 2.4864823 4.438 2.4964823 4.428 0 P 0
L 2.4864823 4.498 2.4964823 4.508 0 P 0
L 2.4864823 4.538 2.4964823 4.528 0 P 0
L 2.488 4.136 2.498 4.136 0 P 0
L 2.488 4.146 2.498 4.136 0 P 0
L 2.488 4.146 2.498 4.156 0 P 0
L 2.488 4.156 2.498 4.156 0 P 0
L 2.488 4.236 2.498 4.236 0 P 0
L 2.488 4.246 2.498 4.236 0 P 0
L 2.488 4.246 2.498 4.256 0 P 0
L 2.488 4.256 2.498 4.256 0 P 0
L 2.492 4.734 2.502 4.734 0 P 0
L 2.492 4.754 2.502 4.744 0 P 0
L 2.492 4.754 2.502 4.764 0 P 0
L 2.492 4.774 2.502 4.774 0 P 0
L 2.4964823 4.408 2.5064823 4.408 0 P 0
L 2.4964823 4.418 2.5064823 4.408 0 P 0
L 2.4964823 4.418 2.5064823 4.428 0 P 0
L 2.4964823 4.428 2.5064823 4.428 0 P 0
L 2.4964823 4.508 2.5064823 4.508 0 P 0
L 2.4964823 4.518 2.5064823 4.508 0 P 0
L 2.4964823 4.518 2.5064823 4.528 0 P 0
L 2.4964823 4.528 2.5064823 4.528 0 P 0
L 2.502 4.734 2.502 4.744 0 P 0
L 2.502 4.764 2.502 4.774 0 P 0
L 2.502 4.968 2.502 4.978 0 P 0
L 2.502 4.978 2.512 4.978 0 P 0
L 2.502 4.998 2.502 5.008 0 P 0
L 2.502 4.998 2.512 4.998 0 P 0
L 2.502 5.068 2.502 5.078 0 P 0
L 2.502 5.078 2.512 5.078 0 P 0
L 2.502 5.098 2.502 5.108 0 P 0
L 2.502 5.098 2.512 5.098 0 P 0
L 2.512 4.978 2.512 4.998 0 P 0
L 2.512 5.078 2.512 5.098 0 P 0
L 2.56 4.145 2.56 4.165 0 P 0
L 2.56 4.145 2.57 4.145 0 P 0
L 2.56 4.165 2.57 4.165 0 P 0
L 2.56 4.245 2.56 4.265 0 P 0
L 2.56 4.245 2.57 4.245 0 P 0
L 2.56 4.265 2.57 4.265 0 P 0
L 2.561 4.62 2.581 4.6 0 P 0
L 2.561 4.62 2.581 4.64 0 P 0
L 2.5676733 4.424 2.5676733 4.444 0 P 0
L 2.5676733 4.424 2.5776733 4.424 0 P 0
L 2.5676733 4.444 2.5776733 4.444 0 P 0
L 2.5676733 4.524 2.5676733 4.544 0 P 0
L 2.5676733 4.524 2.5776733 4.524 0 P 0
L 2.5676733 4.544 2.5776733 4.544 0 P 0
L 2.57 4.135 2.57 4.145 0 P 0
L 2.57 4.135 2.59 4.135 0 P 0
L 2.57 4.165 2.57 4.175 0 P 0
L 2.57 4.175 2.59 4.175 0 P 0
L 2.57 4.235 2.57 4.245 0 P 0
L 2.57 4.235 2.59 4.235 0 P 0
L 2.57 4.265 2.57 4.275 0 P 0
L 2.57 4.275 2.59 4.275 0 P 0
L 2.5776733 4.414 2.5776733 4.424 0 P 0
L 2.5776733 4.414 2.5976733 4.414 0 P 0
L 2.5776733 4.444 2.5776733 4.454 0 P 0
L 2.5776733 4.454 2.5976733 4.454 0 P 0
L 2.5776733 4.514 2.5776733 4.524 0 P 0
L 2.5776733 4.514 2.5976733 4.514 0 P 0
L 2.5776733 4.544 2.5776733 4.554 0 P 0
L 2.5776733 4.554 2.5976733 4.554 0 P 0
L 2.581 4.6 2.601 4.62 0 P 0
L 2.581 4.64 2.601 4.62 0 P 0
L 2.59 4.135 2.59 4.145 0 P 0
L 2.59 4.145 2.6 4.145 0 P 0
L 2.59 4.165 2.59 4.175 0 P 0
L 2.59 4.165 2.6 4.165 0 P 0
L 2.59 4.235 2.59 4.245 0 P 0
L 2.59 4.245 2.6 4.245 0 P 0
L 2.59 4.265 2.59 4.275 0 P 0
L 2.59 4.265 2.6 4.265 0 P 0
L 2.591 4.73 2.611 4.71 0 P 0
L 2.591 4.73 2.611 4.75 0 P 0
L 2.5976733 4.414 2.5976733 4.424 0 P 0
L 2.5976733 4.424 2.6076733 4.424 0 P 0
L 2.5976733 4.444 2.5976733 4.454 0 P 0
L 2.5976733 4.444 2.6076733 4.444 0 P 0
L 2.5976733 4.514 2.5976733 4.524 0 P 0
L 2.5976733 4.524 2.6076733 4.524 0 P 0
L 2.5976733 4.544 2.5976733 4.554 0 P 0
L 2.5976733 4.544 2.6076733 4.544 0 P 0
L 2.6 4.145 2.6 4.165 0 P 0
L 2.6 4.245 2.6 4.265 0 P 0
L 2.6076733 4.424 2.6076733 4.444 0 P 0
L 2.6076733 4.524 2.6076733 4.544 0 P 0
L 2.611 4.71 2.631 4.73 0 P 0
L 2.611 4.75 2.631 4.73 0 P 0
L 2.643 4.978 2.643 4.998 0 P 0
L 2.643 4.978 2.653 4.978 0 P 0
L 2.643 4.998 2.653 4.998 0 P 0
L 2.643 5.078 2.643 5.098 0 P 0
L 2.643 5.078 2.653 5.078 0 P 0
L 2.643 5.098 2.653 5.098 0 P 0
L 2.653 0.469 2.653 0.479 0 P 0
L 2.653 0.469 2.663 0.469 0 P 0
L 2.653 0.479 2.663 0.489 0 P 0
L 2.653 0.499 2.653 0.509 0 P 0
L 2.653 0.499 2.663 0.489 0 P 0
L 2.653 0.509 2.663 0.509 0 P 0
L 2.653 4.968 2.653 4.978 0 P 0
L 2.653 4.968 2.673 4.968 0 P 0
L 2.653 4.998 2.653 5.008 0 P 0
L 2.653 5.008 2.673 5.008 0 P 0
L 2.653 5.068 2.653 5.078 0 P 0
L 2.653 5.068 2.673 5.068 0 P 0
L 2.653 5.098 2.653 5.108 0 P 0
L 2.653 5.108 2.673 5.108 0 P 0
L 2.663 0.469 2.673 0.479 0 P 0
L 2.663 0.509 2.673 0.499 0 P 0
L 2.673 0.479 2.683 0.469 0 P 0
L 2.673 0.499 2.683 0.509 0 P 0
L 2.673 4.968 2.673 4.978 0 P 0
L 2.673 4.978 2.683 4.978 0 P 0
L 2.673 4.998 2.673 5.008 0 P 0
L 2.673 4.998 2.683 4.998 0 P 0
L 2.673 5.068 2.673 5.078 0 P 0
L 2.673 5.078 2.683 5.078 0 P 0
L 2.673 5.098 2.673 5.108 0 P 0
L 2.673 5.098 2.683 5.098 0 P 0
L 2.6785945 0.552 2.6985945 0.532 0 P 0
L 2.6785945 0.552 2.6985945 0.572 0 P 0
L 2.683 0.469 2.693 0.469 0 P 0
L 2.683 0.489 2.693 0.479 0 P 0
L 2.683 0.489 2.693 0.499 0 P 0
L 2.683 0.509 2.693 0.509 0 P 0
L 2.683 4.978 2.683 4.998 0 P 0
L 2.683 5.078 2.683 5.098 0 P 0
L 2.693 0.469 2.693 0.479 0 P 0
L 2.693 0.499 2.693 0.509 0 P 0
L 2.6985945 0.532 2.7185945 0.552 0 P 0
L 2.6985945 0.572 2.7185945 0.552 0 P 0
