#Layer_Color=32768
#
#Feature symbol names
#
$0 r3.937
$1 r1.9685
$2 r7.874

#
#Feature attribute names
#

#
#Layer features
#
L 0.100811 4.1363986 0.100811 5.2112018 2 P 0
L 0.100811 4.1363986 0.2976614 4.1363986 2 P 0
L 0.100811 5.2112018 0.2976614 5.2112018 2 P 0
L 0.2976614 4.1363986 0.2976614 5.2112018 2 P 0
L 0.4358425 0.0992047 0.4358425 0.5716457 0 P 0
L 0.4358425 0.0992047 0.9082835 0.0992047 0 P 0
L 0.4358425 0.5716457 0.9082835 0.5716457 0 P 0
L 0.5458425 1.0233228 0.5458425 1.4957638 0 P 0
L 0.5458425 1.0233228 1.0182835 1.0233228 0 P 0
L 0.5458425 1.4957638 1.0182835 1.4957638 0 P 0
L 0.6782362 3.6201119 0.6782362 3.659482 0 P 0
L 0.6782362 3.6201119 0.7707559 3.6201119 0 P 0
L 0.6782362 3.659482 0.7707559 3.659482 0 P 0
L 0.6787402 3.7131119 0.6787402 3.752482 0 P 0
L 0.6787402 3.7131119 0.7712599 3.7131119 0 P 0
L 0.6787402 3.752482 0.7712599 3.752482 0 P 0
L 0.7067795 3.639797 0.7422125 3.639797 0 P 0
L 0.7072835 3.732797 0.7427165 3.732797 0 P 0
L 0.724496 3.6220804 0.724496 3.6575135 0 P 0
L 0.725 3.7150804 0.725 3.7505135 0 P 0
L 0.7345827 1.9055827 0.7345827 2.0784173 1 P 0
L 0.7345827 1.9055827 0.9074173 1.9055827 1 P 0
L 0.7345827 2.0784173 0.9074173 2.0784173 1 P 0
L 0.7707559 3.6201119 0.7707559 3.659482 0 P 0
L 0.7712599 3.7131119 0.7712599 3.752482 0 P 0
L 0.834315 1.5489235 0.834315 1.6414432 0 P 0
L 0.834315 1.5489235 0.8736851 1.5489235 0 P 0
L 0.834315 1.6414432 0.8736851 1.6414432 0 P 0
L 0.8362835 1.5951833 0.8717166 1.5951833 0 P 0
L 0.854 1.5774668 0.854 1.6128998 0 P 0
L 0.8736851 1.5489235 0.8736851 1.6414432 0 P 0
L 0.8874746 1.5489235 0.8874746 1.6414432 0 P 0
L 0.8874746 1.5489235 0.9268447 1.5489235 0 P 0
L 0.8874746 1.6414432 0.9268447 1.6414432 0 P 0
L 0.8894431 1.5951833 0.9248762 1.5951833 0 P 0
L 0.9071596 1.5774668 0.9071596 1.6128998 0 P 0
L 0.9074173 1.9055827 0.9074173 2.0784173 1 P 0
L 0.9082835 0.0992047 0.9082835 0.5716457 0 P 0
L 0.9265827 1.9035827 0.9265827 2.0764173 1 P 0
L 0.9265827 1.9035827 1.0994173 1.9035827 1 P 0
L 0.9265827 2.0764173 1.0994173 2.0764173 1 P 0
L 0.9268447 1.5489235 0.9268447 1.6414432 0 P 0
L 0.9406342 1.5489235 0.9406342 1.6414432 0 P 0
L 0.9406342 1.5489235 0.9800043 1.5489235 0 P 0
L 0.9406342 1.6414432 0.9800043 1.6414432 0 P 0
L 0.9426027 1.5951833 0.9780358 1.5951833 0 P 0
L 0.9603192 1.5774668 0.9603192 1.6128998 0 P 0
L 0.9634115 4.2551542 0.9634115 4.2945243 0 P 0
L 0.9634115 4.2551542 1.0559312 4.2551542 0 P 0
L 0.9634115 4.2945243 1.0559312 4.2945243 0 P 0
L 0.9652363 4.3249372 0.9652363 4.3643073 0 P 0
L 0.9652363 4.3249372 1.057756 4.3249372 0 P 0
L 0.9652363 4.3643073 1.057756 4.3643073 0 P 0
L 0.9657324 3.9879372 0.9657324 4.0273073 0 P 0
L 0.9657324 3.9879372 1.0582521 3.9879372 0 P 0
L 0.9657324 4.0273073 1.0582521 4.0273073 0 P 0
L 0.9657324 4.1199372 0.9657324 4.1593073 0 P 0
L 0.9657324 4.1199372 1.0582521 4.1199372 0 P 0
L 0.9657324 4.1593073 1.0582521 4.1593073 0 P 0
L 0.9657402 4.0549372 0.9657402 4.0943073 0 P 0
L 0.9657402 4.0549372 1.0582599 4.0549372 0 P 0
L 0.9657402 4.0943073 1.0582599 4.0943073 0 P 0
L 0.9666772 3.8539372 0.9666772 3.8933073 0 P 0
L 0.9666772 3.8539372 1.0591969 3.8539372 0 P 0
L 0.9666772 3.8933073 1.0591969 3.8933073 0 P 0
L 0.9666772 3.9194484 0.9666772 3.9588185 0 P 0
L 0.9666772 3.9194484 1.0591969 3.9194484 0 P 0
L 0.9666772 3.9588185 1.0591969 3.9588185 0 P 0
L 0.9666772 4.1889372 0.9666772 4.2283073 0 P 0
L 0.9666772 4.1889372 1.0591969 4.1889372 0 P 0
L 0.9666772 4.2283073 1.0591969 4.2283073 0 P 0
L 0.9800043 1.5489235 0.9800043 1.6414432 0 P 0
L 0.9919548 4.2748393 1.0273878 4.2748393 0 P 0
L 0.9937796 4.3446223 1.0292126 4.3446223 0 P 0
L 0.9942757 4.0076223 1.0297087 4.0076223 0 P 0
L 0.9942757 4.1396223 1.0297087 4.1396223 0 P 0
L 0.9942835 4.0746223 1.0297165 4.0746223 0 P 0
L 0.9952205 3.8736223 1.0306535 3.8736223 0 P 0
L 0.9952205 3.9391335 1.0306535 3.9391335 0 P 0
L 0.9952205 4.2086223 1.0306535 4.2086223 0 P 0
L 1.0096713 4.2571227 1.0096713 4.2925558 0 P 0
L 1.0096714 0.3117401 1.0096714 0.4042598 0 P 0
L 1.0096714 0.3117401 1.0490415 0.3117401 0 P 0
L 1.0096714 0.4042598 1.0490415 0.4042598 0 P 0
L 1.0114961 4.3269057 1.0114961 4.3623388 0 P 0
L 1.0116399 0.358 1.047073 0.358 0 P 0
L 1.0119922 3.9899057 1.0119922 4.0253388 0 P 0
L 1.0119922 4.1219057 1.0119922 4.1573388 0 P 0
L 1.012 4.0569057 1.012 4.0923388 0 P 0
L 1.012937 3.8559057 1.012937 3.8913388 0 P 0
L 1.012937 3.9214169 1.012937 3.95685 0 P 0
L 1.012937 4.1909057 1.012937 4.2263388 0 P 0
L 1.0182835 1.0233228 1.0182835 1.4957638 0 P 0
L 1.0190157 2.9570473 1.0190157 3.1066536 0 P 0
L 1.0190157 2.9570473 1.0918503 2.9570473 0 P 0
L 1.0190157 3.1066536 1.0918503 3.1066536 0 P 0
L 1.0293565 0.3402835 1.0293565 0.3757165 0 P 0
L 1.035748 3.0318504 1.0751181 3.0318504 0 P 0
L 1.0490415 0.3117401 1.0490415 0.4042598 0 P 0
L 1.055433 3.0121654 1.055433 3.0515354 0 P 0
L 1.0559312 4.2551542 1.0559312 4.2945243 0 P 0
L 1.057756 4.3249372 1.057756 4.3643073 0 P 0
L 1.0582521 3.9879372 1.0582521 4.0273073 0 P 0
L 1.0582521 4.1199372 1.0582521 4.1593073 0 P 0
L 1.0582599 4.0549372 1.0582599 4.0943073 0 P 0
L 1.0591969 3.8539372 1.0591969 3.8933073 0 P 0
L 1.0591969 3.9194484 1.0591969 3.9588185 0 P 0
L 1.0591969 4.1889372 1.0591969 4.2283073 0 P 0
L 1.0631554 0.3117401 1.0631554 0.4042598 0 P 0
L 1.0631554 0.3117401 1.1025255 0.3117401 0 P 0
L 1.0631554 0.4042598 1.1025255 0.4042598 0 P 0
L 1.0651239 0.358 1.100557 0.358 0 P 0
L 1.0828405 0.3402835 1.0828405 0.3757165 0 P 0
L 1.0918503 2.9570473 1.0918503 3.1066536 0 P 0
L 1.0994173 1.9035827 1.0994173 2.0764173 1 P 0
L 1.1025255 0.3117401 1.1025255 0.4042598 0 P 0
L 1.1066299 3.1215827 1.1066299 3.1944173 0 P 0
L 1.1066299 3.1215827 1.2562362 3.1215827 0 P 0
L 1.1066299 3.1944173 1.2562362 3.1944173 0 P 0
L 1.1067716 2.9670453 1.1067716 3.1087775 1 P 0
L 1.1067716 2.9670453 1.2740944 2.9670453 1 P 0
L 1.1067716 3.1087775 1.2740944 3.1087775 1 P 0
L 1.1081731 2.91487 1.1081731 2.9542401 0 P 0
L 1.1081731 2.91487 1.2006928 2.91487 0 P 0
L 1.1081731 2.9542401 1.2006928 2.9542401 0 P 0
L 1.116315 0.3117402 1.116315 0.4042599 0 P 0
L 1.116315 0.3117402 1.1556851 0.3117402 0 P 0
L 1.116315 0.4042599 1.1556851 0.4042599 0 P 0
L 1.1182835 0.358 1.1537166 0.358 0 P 0
L 1.1297165 0.7943543 1.1297165 1.2667953 0 P 0
L 1.1297165 0.7943543 1.6021575 0.7943543 0 P 0
L 1.1297165 1.2667953 1.6021575 1.2667953 0 P 0
L 1.1298425 1.2953543 1.1298425 1.7677953 0 P 0
L 1.1298425 1.2953543 1.6022835 1.2953543 0 P 0
L 1.1298425 1.7677953 1.6022835 1.7677953 0 P 0
L 1.136 0.3402835 1.136 0.3757165 0 P 0
L 1.1367165 2.934555 1.1721495 2.934555 0 P 0
L 1.154433 2.9168385 1.154433 2.9522716 0 P 0
L 1.1556851 0.3117402 1.1556851 0.4042599 0 P 0
L 1.161748 3.158 1.201118 3.158 0 P 0
L 1.181433 3.1383149 1.181433 3.177685 0 P 0
L 1.2006928 2.91487 1.2006928 2.9542401 0 P 0
L 1.2562362 3.1215827 1.2562362 3.1944173 0 P 0
L 1.2740944 2.9670453 1.2740944 3.1087775 1 P 0
L 1.2897402 3.6693149 1.2897402 3.708685 0 P 0
L 1.2897402 3.6693149 1.3822599 3.6693149 0 P 0
L 1.2897402 3.708685 1.3822599 3.708685 0 P 0
L 1.2897479 2.9456515 1.2897479 3.0381712 0 P 0
L 1.2897479 2.9456515 1.329118 2.9456515 0 P 0
L 1.2897479 3.0381712 1.329118 3.0381712 0 P 0
L 1.2908798 3.7273149 1.2908798 3.766685 0 P 0
L 1.2908798 3.7273149 1.3833995 3.7273149 0 P 0
L 1.2908798 3.766685 1.3833995 3.766685 0 P 0
L 1.2917164 2.9919114 1.3271495 2.9919114 0 P 0
L 1.309433 2.9741949 1.309433 3.0096279 0 P 0
L 1.3182835 3.689 1.3537165 3.689 0 P 0
L 1.3194231 3.747 1.3548561 3.747 0 P 0
L 1.329118 2.9456515 1.329118 3.0381712 0 P 0
L 1.336 3.6712834 1.336 3.7067165 0 P 0
L 1.3371396 3.7292834 1.3371396 3.7647165 0 P 0
L 1.3377479 2.9457401 1.3377479 3.0382598 0 P 0
L 1.3377479 2.9457401 1.377118 2.9457401 0 P 0
L 1.3377479 3.0382598 1.377118 3.0382598 0 P 0
L 1.3397164 2.992 1.3751495 2.992 0 P 0
L 1.357433 2.9742835 1.357433 3.0097165 0 P 0
L 1.377118 2.9457401 1.377118 3.0382598 0 P 0
L 1.3822599 3.6693149 1.3822599 3.708685 0 P 0
L 1.3826392 0.3097402 1.3826392 0.4022599 0 P 0
L 1.3826392 0.3097402 1.4220093 0.3097402 0 P 0
L 1.3826392 0.4022599 1.4220093 0.4022599 0 P 0
L 1.3833995 3.7273149 1.3833995 3.766685 0 P 0
L 1.3846077 0.356 1.4200408 0.356 0 P 0
L 1.4023242 0.3382835 1.4023242 0.3737165 0 P 0
L 1.4033149 3.1759469 1.4033149 3.2684666 0 P 0
L 1.4033149 3.1759469 1.442685 3.1759469 0 P 0
L 1.4033149 3.2684666 1.442685 3.2684666 0 P 0
L 1.4052834 3.2222068 1.4407165 3.2222068 0 P 0
L 1.4220093 0.3097402 1.4220093 0.4022599 0 P 0
L 1.423 3.2044903 1.423 3.2399233 0 P 0
L 1.4357988 0.3087401 1.4357988 0.4012598 0 P 0
L 1.4357988 0.3087401 1.4751689 0.3087401 0 P 0
L 1.4357988 0.4012598 1.4751689 0.4012598 0 P 0
L 1.4377673 0.355 1.4732004 0.355 0 P 0
L 1.442685 3.1759469 1.442685 3.2684666 0 P 0
L 1.4554839 0.3372835 1.4554839 0.3727165 0 P 0
L 1.4751689 0.3087401 1.4751689 0.4012598 0 P 0
L 1.4889584 0.3087401 1.4889584 0.4012598 0 P 0
L 1.4889584 0.3087401 1.5283285 0.3087401 0 P 0
L 1.4889584 0.4012598 1.5283285 0.4012598 0 P 0
L 1.4909269 0.355 1.52636 0.355 0 P 0
L 1.5086435 0.3372835 1.5086435 0.3727165 0 P 0
L 1.5283285 0.3087401 1.5283285 0.4012598 0 P 0
L 1.6021575 0.7943543 1.6021575 1.2667953 0 P 0
L 1.6022835 1.2953543 1.6022835 1.7677953 0 P 0
L 1.6297165 0.0923543 1.6297165 0.5647953 0 P 0
L 1.6297165 0.0923543 2.1021575 0.0923543 0 P 0
L 1.6297165 0.5647953 2.1021575 0.5647953 0 P 0
L 1.6402016 4.3243617 1.6402016 4.3637318 0 P 0
L 1.6402016 4.3243617 1.7327213 4.3243617 0 P 0
L 1.6402016 4.3637318 1.7327213 4.3637318 0 P 0
L 1.6417324 4.2559372 1.6417324 4.2953073 0 P 0
L 1.6417324 4.2559372 1.7342521 4.2559372 0 P 0
L 1.6417324 4.2953073 1.7342521 4.2953073 0 P 0
L 1.6431118 3.8559512 1.6431118 3.8953213 0 P 0
L 1.6431118 3.8559512 1.7356315 3.8559512 0 P 0
L 1.6431118 3.8953213 1.7356315 3.8953213 0 P 0
L 1.6431118 3.9229512 1.6431118 3.9623213 0 P 0
L 1.6431118 3.9229512 1.7356315 3.9229512 0 P 0
L 1.6431118 3.9623213 1.7356315 3.9623213 0 P 0
L 1.6431118 3.9899512 1.6431118 4.0293213 0 P 0
L 1.6431118 3.9899512 1.7356315 3.9899512 0 P 0
L 1.6431118 4.0293213 1.7356315 4.0293213 0 P 0
L 1.6431118 4.0569512 1.6431118 4.0963213 0 P 0
L 1.6431118 4.0569512 1.7356315 4.0569512 0 P 0
L 1.6431118 4.0963213 1.7356315 4.0963213 0 P 0
L 1.6431118 4.1189512 1.6431118 4.1583213 0 P 0
L 1.6431118 4.1189512 1.7356315 4.1189512 0 P 0
L 1.6431118 4.1583213 1.7356315 4.1583213 0 P 0
L 1.6441386 4.1849512 1.6441386 4.2243213 0 P 0
L 1.6441386 4.1849512 1.7366583 4.1849512 0 P 0
L 1.6441386 4.2243213 1.7366583 4.2243213 0 P 0
L 1.6687449 4.3440468 1.7041779 4.3440468 0 P 0
L 1.6702757 4.2756223 1.7057087 4.2756223 0 P 0
L 1.6716551 3.8756363 1.7070881 3.8756363 0 P 0
L 1.6716551 3.9426363 1.7070881 3.9426363 0 P 0
L 1.6716551 4.0096363 1.7070881 4.0096363 0 P 0
L 1.6716551 4.0766363 1.7070881 4.0766363 0 P 0
L 1.6716551 4.1386363 1.7070881 4.1386363 0 P 0
L 1.6726819 4.2046363 1.7081149 4.2046363 0 P 0
L 1.6864614 4.3263302 1.6864614 4.3617633 0 P 0
L 1.6879922 4.2579057 1.6879922 4.2933388 0 P 0
L 1.6893716 3.8579197 1.6893716 3.8933528 0 P 0
L 1.6893716 3.9249197 1.6893716 3.9603528 0 P 0
L 1.6893716 3.9919197 1.6893716 4.0273528 0 P 0
L 1.6893716 4.0589197 1.6893716 4.0943528 0 P 0
L 1.6893716 4.1209197 1.6893716 4.1563528 0 P 0
L 1.6903984 4.1869197 1.6903984 4.2223528 0 P 0
L 1.7035455 0.8537402 1.7035455 0.9462599 0 P 0
L 1.7035455 0.8537402 1.7429156 0.8537402 0 P 0
L 1.7035455 0.9462599 1.7429156 0.9462599 0 P 0
L 1.7036715 1.6687402 1.7036715 1.7612599 0 P 0
L 1.7036715 1.6687402 1.7430416 1.6687402 0 P 0
L 1.7036715 1.7612599 1.7430416 1.7612599 0 P 0
L 1.705514 0.9 1.7409471 0.9 0 P 0
L 1.70564 1.715 1.7410731 1.715 0 P 0
L 1.7232305 0.8822835 1.7232305 0.9177165 0 P 0
L 1.7233565 1.6972835 1.7233565 1.7327165 0 P 0
L 1.7288425 1.0213543 1.7288425 1.4937953 0 P 0
L 1.7288425 1.0213543 2.2012835 1.0213543 0 P 0
L 1.7288425 1.4937953 2.2012835 1.4937953 0 P 0
L 1.7327213 4.3243617 1.7327213 4.3637318 0 P 0
L 1.7342521 4.2559372 1.7342521 4.2953073 0 P 0
L 1.7356315 3.8559512 1.7356315 3.8953213 0 P 0
L 1.7356315 3.9229512 1.7356315 3.9623213 0 P 0
L 1.7356315 3.9899512 1.7356315 4.0293213 0 P 0
L 1.7356315 4.0569512 1.7356315 4.0963213 0 P 0
L 1.7356315 4.1189512 1.7356315 4.1583213 0 P 0
L 1.7366583 4.1849512 1.7366583 4.2243213 0 P 0
L 1.7429156 0.8537402 1.7429156 0.9462599 0 P 0
L 1.7430416 1.6687402 1.7430416 1.7612599 0 P 0
L 1.7567051 0.853244 1.7567051 0.9457637 0 P 0
L 1.7567051 0.853244 1.7960752 0.853244 0 P 0
L 1.7567051 0.9457637 1.7960752 0.9457637 0 P 0
L 1.7586736 0.8995039 1.7941067 0.8995039 0 P 0
L 1.7641554 1.6687401 1.7641554 1.7612598 0 P 0
L 1.7641554 1.6687401 1.8035255 1.6687401 0 P 0
L 1.7641554 1.7612598 1.8035255 1.7612598 0 P 0
L 1.7661239 1.715 1.801557 1.715 0 P 0
L 1.7763902 0.8817874 1.7763902 0.9172204 0 P 0
L 1.7803875 2.9570473 1.7803875 3.1066536 0 P 0
L 1.7803875 2.9570473 1.8532221 2.9570473 0 P 0
L 1.7803875 3.1066536 1.8532221 3.1066536 0 P 0
L 1.7838405 1.6972835 1.7838405 1.7327165 0 P 0
L 1.7960752 0.853244 1.7960752 0.9457637 0 P 0
L 1.7971198 3.0318504 1.8364899 3.0318504 0 P 0
L 1.8035255 1.6687401 1.8035255 1.7612598 0 P 0
L 1.8098647 0.8537402 1.8098647 0.9462599 0 P 0
L 1.8098647 0.8537402 1.8492348 0.8537402 0 P 0
L 1.8098647 0.9462599 1.8492348 0.9462599 0 P 0
L 1.8118332 0.9 1.8472663 0.9 0 P 0
L 1.8168048 3.0121654 1.8168048 3.0515354 0 P 0
L 1.817315 1.6677402 1.817315 1.7602599 0 P 0
L 1.817315 1.6677402 1.8566851 1.6677402 0 P 0
L 1.817315 1.7602599 1.8566851 1.7602599 0 P 0
L 1.8192835 1.714 1.8547166 1.714 0 P 0
L 1.8295497 0.8822835 1.8295497 0.9177165 0 P 0
L 1.837 1.6962835 1.837 1.7317165 0 P 0
L 1.8492348 0.8537402 1.8492348 0.9462599 0 P 0
L 1.8532221 2.9570473 1.8532221 3.1066536 0 P 0
L 1.8566851 1.6677402 1.8566851 1.7602599 0 P 0
L 1.8660273 2.9630453 1.8660273 3.1047775 1 P 0
L 1.8660273 2.9630453 2.0333501 2.9630453 1 P 0
L 1.8660273 3.1047775 2.0333501 3.1047775 1 P 0
L 1.8757401 2.907315 1.8757401 2.9466851 0 P 0
L 1.8757401 2.907315 1.9682598 2.907315 0 P 0
L 1.8757401 2.9466851 1.9682598 2.9466851 0 P 0
L 1.8810473 3.1175827 1.8810473 3.1904173 0 P 0
L 1.8810473 3.1175827 2.0306536 3.1175827 0 P 0
L 1.8810473 3.1904173 2.0306536 3.1904173 0 P 0
L 1.9042835 2.927 1.9397165 2.927 0 P 0
L 1.922 2.9092835 1.922 2.9447166 0 P 0
L 1.9297402 3.5628361 1.9297402 3.6022062 0 P 0
L 1.9297402 3.5628361 2.0222599 3.5628361 0 P 0
L 1.9297402 3.6022062 2.0222599 3.6022062 0 P 0
L 1.9312441 3.6159957 1.9312441 3.6553658 0 P 0
L 1.9312441 3.6159957 2.0237638 3.6159957 0 P 0
L 1.9312441 3.6553658 2.0237638 3.6553658 0 P 0
L 1.9312441 3.6691553 1.9312441 3.7085254 0 P 0
L 1.9312441 3.6691553 2.0237638 3.6691553 0 P 0
L 1.9312441 3.7085254 2.0237638 3.7085254 0 P 0
L 1.9322441 3.7223149 1.9322441 3.761685 0 P 0
L 1.9322441 3.7223149 2.0247638 3.7223149 0 P 0
L 1.9322441 3.761685 2.0247638 3.761685 0 P 0
L 1.9361654 3.154 1.9755354 3.154 0 P 0
L 1.9558504 3.1343149 1.9558504 3.173685 0 P 0
L 1.9582835 3.5825212 1.9937165 3.5825212 0 P 0
L 1.9597874 3.6356808 1.9952204 3.6356808 0 P 0
L 1.9597874 3.6888404 1.9952204 3.6888404 0 P 0
L 1.9607874 3.742 1.9962204 3.742 0 P 0
L 1.9682598 2.907315 1.9682598 2.9466851 0 P 0
L 1.976 3.5648046 1.976 3.6002377 0 P 0
L 1.9775039 3.6179642 1.9775039 3.6533973 0 P 0
L 1.9775039 3.6711238 1.9775039 3.7065569 0 P 0
L 1.9785039 3.7242834 1.9785039 3.7597165 0 P 0
L 2.0222599 3.5628361 2.0222599 3.6022062 0 P 0
L 2.0237638 3.6159957 2.0237638 3.6553658 0 P 0
L 2.0237638 3.6691553 2.0237638 3.7085254 0 P 0
L 2.0247638 3.7223149 2.0247638 3.761685 0 P 0
L 2.0306536 3.1175827 2.0306536 3.1904173 0 P 0
L 2.0333501 2.9630453 2.0333501 3.1047775 1 P 0
L 2.0461553 2.9397401 2.0461553 3.0322598 0 P 0
L 2.0461553 2.9397401 2.0855254 2.9397401 0 P 0
L 2.0461553 3.0322598 2.0855254 3.0322598 0 P 0
L 2.0481238 2.986 2.0835569 2.986 0 P 0
L 2.0658404 2.9682835 2.0658404 3.0037165 0 P 0
L 2.0855254 2.9397401 2.0855254 3.0322598 0 P 0
L 2.0913149 1.546955 2.0913149 1.6394747 0 P 0
L 2.0913149 1.546955 2.130685 1.546955 0 P 0
L 2.0913149 1.6394747 2.130685 1.6394747 0 P 0
L 2.0932834 1.5932149 2.1287165 1.5932149 0 P 0
L 2.0993149 2.9397401 2.0993149 3.0322598 0 P 0
L 2.0993149 2.9397401 2.138685 2.9397401 0 P 0
L 2.0993149 3.0322598 2.138685 3.0322598 0 P 0
L 2.1012834 2.986 2.1367165 2.986 0 P 0
L 2.1021575 0.0923543 2.1021575 0.5647953 0 P 0
L 2.111 1.5754984 2.111 1.6109314 0 P 0
L 2.119 2.9682835 2.119 3.0037165 0 P 0
L 2.130685 1.546955 2.130685 1.6394747 0 P 0
L 2.138685 2.9397401 2.138685 3.0322598 0 P 0
L 2.1444745 1.546955 2.1444745 1.6394747 0 P 0
L 2.1444745 1.546955 2.1838446 1.546955 0 P 0
L 2.1444745 1.6394747 2.1838446 1.6394747 0 P 0
L 2.146443 1.5932149 2.1818761 1.5932149 0 P 0
L 2.1641596 1.5754984 2.1641596 1.6109314 0 P 0
L 2.1773149 3.1792362 2.1773149 3.2717559 0 P 0
L 2.1773149 3.1792362 2.216685 3.1792362 0 P 0
L 2.1773149 3.2717559 2.216685 3.2717559 0 P 0
L 2.1792834 3.2254961 2.2147165 3.2254961 0 P 0
L 2.1838446 1.546955 2.1838446 1.6394747 0 P 0
L 2.197 3.2077796 2.197 3.2432126 0 P 0
L 2.1976341 1.546955 2.1976341 1.6394747 0 P 0
L 2.1976341 1.546955 2.2370042 1.546955 0 P 0
L 2.1976341 1.6394747 2.2370042 1.6394747 0 P 0
L 2.1996026 1.5932148 2.2350357 1.5932148 0 P 0
L 2.2012835 1.0213543 2.2012835 1.4937953 0 P 0
L 2.216685 3.1792362 2.216685 3.2717559 0 P 0
L 2.2173191 1.5754983 2.2173191 1.6109313 0 P 0
L 2.2257401 4.250315 2.2257401 4.2896851 0 P 0
L 2.2257401 4.250315 2.3182598 4.250315 0 P 0
L 2.2257401 4.2896851 2.3182598 4.2896851 0 P 0
L 2.2257401 4.3268719 2.2257401 4.366242 0 P 0
L 2.2257401 4.3268719 2.3182598 4.3268719 0 P 0
L 2.2257401 4.366242 2.3182598 4.366242 0 P 0
L 2.2370042 1.546955 2.2370042 1.6394747 0 P 0
L 2.2542835 4.27 2.2897165 4.27 0 P 0
L 2.2542835 4.3465569 2.2897165 4.3465569 0 P 0
L 2.272 4.2522835 2.272 4.2877166 0 P 0
L 2.272 4.3288404 2.272 4.3642735 0 P 0
L 2.3115139 4.6725392 2.3115139 4.7650589 0 P 0
L 2.3115139 4.6725392 2.350884 4.6725392 0 P 0
L 2.3115139 4.7650589 2.350884 4.7650589 0 P 0
L 2.3134824 4.7187991 2.3489155 4.7187991 0 P 0
L 2.3182598 4.250315 2.3182598 4.2896851 0 P 0
L 2.3182598 4.3268719 2.3182598 4.366242 0 P 0
L 2.331199 4.7010826 2.331199 4.7365156 0 P 0
L 2.3415827 4.1095827 2.3415827 4.2824173 1 P 0
L 2.3415827 4.1095827 2.5144173 4.1095827 1 P 0
L 2.3415827 4.2824173 2.5144173 4.2824173 1 P 0
L 2.350065 4.3815827 2.350065 4.5544173 1 P 0
L 2.350065 4.3815827 2.5228996 4.3815827 1 P 0
L 2.350065 4.5544173 2.5228996 4.5544173 1 P 0
L 2.350884 4.6725392 2.350884 4.7650589 0 P 0
L 2.3637244 4.7896751 2.3637244 4.8684153 0 P 0
L 2.3637244 4.7896751 2.4542756 4.7896751 0 P 0
L 2.3637244 4.8684153 2.4542756 4.8684153 0 P 0
L 2.3646735 4.6725392 2.3646735 4.7650589 0 P 0
L 2.3646735 4.6725392 2.4040436 4.6725392 0 P 0
L 2.3646735 4.7650589 2.4040436 4.7650589 0 P 0
L 2.366642 4.7187991 2.4020751 4.7187991 0 P 0
L 2.3843586 4.7010826 2.3843586 4.7365156 0 P 0
L 2.4040436 4.6725392 2.4040436 4.7650589 0 P 0
L 2.4178331 4.6725392 2.4178331 4.7650589 0 P 0
L 2.4178331 4.6725392 2.4572032 4.6725392 0 P 0
L 2.4178331 4.7650589 2.4572032 4.7650589 0 P 0
L 2.4198016 4.7187991 2.4552347 4.7187991 0 P 0
L 2.4345906 4.7896751 2.4542756 4.8093602 0 P 0
L 2.4375182 4.7010826 2.4375182 4.7365156 0 P 0
L 2.4542756 4.7896751 2.4542756 4.8684153 0 P 0
L 2.4572032 4.6725392 2.4572032 4.7650589 0 P 0
L 2.5113879 4.7477401 2.5113879 4.8402598 0 P 0
L 2.5113879 4.7477401 2.550758 4.7477401 0 P 0
L 2.5113879 4.8402598 2.550758 4.8402598 0 P 0
L 2.5133564 4.794 2.5487895 4.794 0 P 0
L 2.5144173 4.1095827 2.5144173 4.2824173 1 P 0
L 2.5228996 4.3815827 2.5228996 4.5544173 1 P 0
L 2.531073 4.7762835 2.531073 4.8117165 0 P 0
L 2.550758 4.7477401 2.550758 4.8402598 0 P 0
L 2.5645475 4.747244 2.5645475 4.8397637 0 P 0
L 2.5645475 4.747244 2.6039176 4.747244 0 P 0
L 2.5645475 4.8397637 2.6039176 4.8397637 0 P 0
L 2.566516 4.7935039 2.6019491 4.7935039 0 P 0
L 2.5842326 4.7757874 2.5842326 4.8112204 0 P 0
L 2.6039176 4.747244 2.6039176 4.8397637 0 P 0
S P 0
OB 0.9083465 2.5870236 I
OS 1.3516535 2.5870236
OS 1.3516535 2.4649764
OS 0.9083465 2.4649764
OS 0.9083465 2.5870236
OE
SE
S P 0
OB 1.3516535 2.1649764 I
OS 0.9083465 2.1649764
OS 0.9083465 2.2870236
OS 1.3516535 2.2870236
OS 1.3516535 2.1649764
OE
SE
S P 0
OB 2.0636535 2.1639764 I
OS 1.6203465 2.1639764
OS 1.6203465 2.2860236
OS 2.0636535 2.2860236
OS 2.0636535 2.1639764
OE
SE
S P 0
OB 2.0636535 2.4639764 I
OS 1.6203465 2.4639764
OS 1.6203465 2.5860236
OS 2.0636535 2.5860236
OS 2.0636535 2.4639764
OE
SE
