#Layer_Color=16711935
#
#Feature symbol names
#
$0 r3.937

#
#Feature attribute names
#

#
#Layer features
#
L 0.7521024 1.9231024 0.7521024 2.0608976 0 P 0
L 0.7521024 1.9231024 0.8898976 1.9231024 0 P 0
L 0.7521024 2.0608976 0.8898976 2.0608976 0 P 0
L 0.8898976 1.9231024 0.8898976 2.0608976 0 P 0
L 0.9201575 2.1767874 0.9201575 2.2752126 0 P 0
L 0.9201575 2.1767874 1.3398425 2.1767874 0 P 0
L 0.9201575 2.2752126 1.3398425 2.2752126 0 P 0
L 0.9201575 2.4767874 0.9201575 2.5752126 0 P 0
L 0.9201575 2.4767874 1.3398425 2.4767874 0 P 0
L 0.9201575 2.5752126 1.3398425 2.5752126 0 P 0
L 0.9441024 1.9211024 0.9441024 2.0588976 0 P 0
L 0.9441024 1.9211024 1.0818976 1.9211024 0 P 0
L 0.9441024 2.0588976 1.0818976 2.0588976 0 P 0
L 1.0818976 1.9211024 1.0818976 2.0588976 0 P 0
L 1.1313779 2.9788563 1.1313779 3.0969665 0 P 0
L 1.1313779 2.9788563 1.2494881 2.9788563 0 P 0
L 1.1313779 3.067439 1.1609054 3.0969665 0 P 0
L 1.1313779 3.0969665 1.2494881 3.0969665 0 P 0
L 1.2494881 2.9788563 1.2494881 3.0969665 0 P 0
L 1.3398425 2.1767874 1.3398425 2.2752126 0 P 0
L 1.3398425 2.4767874 1.3398425 2.5752126 0 P 0
L 1.6321575 2.1757874 1.6321575 2.2742126 0 P 0
L 1.6321575 2.1757874 2.0518425 2.1757874 0 P 0
L 1.6321575 2.2742126 2.0518425 2.2742126 0 P 0
L 1.6321575 2.4757874 1.6321575 2.5742126 0 P 0
L 1.6321575 2.4757874 2.0518425 2.4757874 0 P 0
L 1.6321575 2.5742126 2.0518425 2.5742126 0 P 0
L 1.8906336 2.9748563 1.8906336 3.0929665 0 P 0
L 1.8906336 2.9748563 2.0087438 2.9748563 0 P 0
L 1.8906336 3.063439 1.9201611 3.0929665 0 P 0
L 1.8906336 3.0929665 2.0087438 3.0929665 0 P 0
L 2.0087438 2.9748563 2.0087438 3.0929665 0 P 0
L 2.0518425 2.1757874 2.0518425 2.2742126 0 P 0
L 2.0518425 2.4757874 2.0518425 2.5742126 0 P 0
L 2.3591024 4.1271024 2.3591024 4.2648976 0 P 0
L 2.3591024 4.1271024 2.4968976 4.1271024 0 P 0
L 2.3591024 4.2648976 2.4968976 4.2648976 0 P 0
L 2.3675847 4.3991024 2.3675847 4.5368976 0 P 0
L 2.3675847 4.3991024 2.5053799 4.3991024 0 P 0
L 2.3675847 4.5368976 2.5053799 4.5368976 0 P 0
L 2.4968976 4.1271024 2.4968976 4.2648976 0 P 0
L 2.5053799 4.3991024 2.5053799 4.5368976 0 P 0
