#Layer_Color=9474304
#
#Feature symbol names
#
$0 r5

#
#Feature attribute names
#

#
#Layer features
#
L 0.114315 0.602 0.153685 0.602 0 P 0
L 0.114315 0.702 0.153685 0.702 0 P 0
L 0.114315 0.802 0.153685 0.802 0 P 0
L 0.114315 0.902 0.153685 0.902 0 P 0
L 0.114315 1.002 0.153685 1.002 0 P 0
L 0.114315 1.102 0.153685 1.102 0 P 0
L 0.114315 1.202 0.153685 1.202 0 P 0
L 0.114315 1.302 0.153685 1.302 0 P 0
L 0.114315 1.402 0.153685 1.402 0 P 0
L 0.114315 1.502 0.153685 1.502 0 P 0
L 0.114315 1.602 0.153685 1.602 0 P 0
L 0.114315 1.702 0.153685 1.702 0 P 0
L 0.114315 1.802 0.153685 1.802 0 P 0
L 0.114315 1.902 0.153685 1.902 0 P 0
L 0.114315 2.002 0.153685 2.002 0 P 0
L 0.114315 2.102 0.153685 2.102 0 P 0
L 0.114315 2.202 0.153685 2.202 0 P 0
L 0.114315 2.302 0.153685 2.302 0 P 0
L 0.114315 2.402 0.153685 2.402 0 P 0
L 0.114315 2.502 0.153685 2.502 0 P 0
L 0.114315 2.602 0.153685 2.602 0 P 0
L 0.114315 2.702 0.153685 2.702 0 P 0
L 0.114315 2.802 0.153685 2.802 0 P 0
L 0.114315 2.902 0.153685 2.902 0 P 0
L 0.114315 3.002 0.153685 3.002 0 P 0
L 0.114315 3.102 0.153685 3.102 0 P 0
L 0.114315 3.202 0.153685 3.202 0 P 0
L 0.114315 3.302 0.153685 3.302 0 P 0
L 0.114315 3.402 0.153685 3.402 0 P 0
L 0.114315 3.502 0.153685 3.502 0 P 0
L 0.114315 3.602 0.153685 3.602 0 P 0
L 0.114315 3.702 0.153685 3.702 0 P 0
L 0.114315 3.802 0.153685 3.802 0 P 0
L 0.114315 3.902 0.153685 3.902 0 P 0
L 0.114315 4.002 0.153685 4.002 0 P 0
L 0.134 0.582315 0.134 0.621685 0 P 0
L 0.134 0.682315 0.134 0.721685 0 P 0
L 0.134 0.782315 0.134 0.821685 0 P 0
L 0.134 0.882315 0.134 0.921685 0 P 0
L 0.134 0.982315 0.134 1.021685 0 P 0
L 0.134 1.082315 0.134 1.121685 0 P 0
L 0.134 1.182315 0.134 1.221685 0 P 0
L 0.134 1.282315 0.134 1.321685 0 P 0
L 0.134 1.382315 0.134 1.421685 0 P 0
L 0.134 1.482315 0.134 1.521685 0 P 0
L 0.134 1.582315 0.134 1.621685 0 P 0
L 0.134 1.682315 0.134 1.721685 0 P 0
L 0.134 1.782315 0.134 1.821685 0 P 0
L 0.134 1.882315 0.134 1.921685 0 P 0
L 0.134 1.982315 0.134 2.021685 0 P 0
L 0.134 2.082315 0.134 2.121685 0 P 0
L 0.134 2.182315 0.134 2.221685 0 P 0
L 0.134 2.282315 0.134 2.321685 0 P 0
L 0.134 2.382315 0.134 2.421685 0 P 0
L 0.134 2.482315 0.134 2.521685 0 P 0
L 0.134 2.582315 0.134 2.621685 0 P 0
L 0.134 2.682315 0.134 2.721685 0 P 0
L 0.134 2.782315 0.134 2.821685 0 P 0
L 0.134 2.882315 0.134 2.921685 0 P 0
L 0.134 2.982315 0.134 3.021685 0 P 0
L 0.134 3.082315 0.134 3.121685 0 P 0
L 0.134 3.182315 0.134 3.221685 0 P 0
L 0.134 3.282315 0.134 3.321685 0 P 0
L 0.134 3.382315 0.134 3.421685 0 P 0
L 0.134 3.482315 0.134 3.521685 0 P 0
L 0.134 3.582315 0.134 3.621685 0 P 0
L 0.134 3.682315 0.134 3.721685 0 P 0
L 0.134 3.782315 0.134 3.821685 0 P 0
L 0.134 3.882315 0.134 3.921685 0 P 0
L 0.134 3.982315 0.134 4.021685 0 P 0
L 0.1376408 4.2 0.1553572 4.2 0 P 0
L 0.1376408 4.24 0.1553572 4.24 0 P 0
L 0.1376408 4.28 0.1553572 4.28 0 P 0
L 0.1376408 4.32 0.1553572 4.32 0 P 0
L 0.1376408 4.36 0.1553572 4.36 0 P 0
L 0.1406408 4.713 0.1583572 4.713 0 P 0
L 0.1426408 4.475 0.1603572 4.475 0 P 0
L 0.1426408 4.595 0.1603572 4.595 0 P 0
L 0.1426408 4.83 0.1603572 4.83 0 P 0
L 0.1426408 4.9068711 0.1603572 4.9068711 0 P 0
L 0.1426408 4.9468711 0.1603572 4.9468711 0 P 0
L 0.1426408 4.9868711 0.1603572 4.9868711 0 P 0
L 0.1426408 5.0268711 0.1603572 5.0268711 0 P 0
L 0.1426408 5.0668711 0.1603572 5.0668711 0 P 0
L 0.1426408 5.1068711 0.1603572 5.1068711 0 P 0
L 0.1426408 5.145 0.1603572 5.145 0 P 0
L 0.1436408 4.8693701 0.1613572 4.8693701 0 P 0
L 0.146499 4.1911418 0.146499 4.2088582 0 P 0
L 0.146499 4.2311418 0.146499 4.2488582 0 P 0
L 0.146499 4.2711418 0.146499 4.2888582 0 P 0
L 0.146499 4.3111418 0.146499 4.3288582 0 P 0
L 0.146499 4.3511418 0.146499 4.3688582 0 P 0
L 0.149499 4.7041418 0.149499 4.7218582 0 P 0
L 0.151499 4.4661418 0.151499 4.4838582 0 P 0
L 0.151499 4.5861418 0.151499 4.6038582 0 P 0
L 0.151499 4.8211418 0.151499 4.8388582 0 P 0
L 0.151499 4.8980129 0.151499 4.9157293 0 P 0
L 0.151499 4.9380129 0.151499 4.9557293 0 P 0
L 0.151499 4.9780129 0.151499 4.9957293 0 P 0
L 0.151499 5.0180129 0.151499 5.0357293 0 P 0
L 0.151499 5.0580129 0.151499 5.0757293 0 P 0
L 0.151499 5.0980129 0.151499 5.1157293 0 P 0
L 0.151499 5.1361418 0.151499 5.1538582 0 P 0
L 0.152499 4.8605119 0.152499 4.8782283 0 P 0
L 0.177819 4.754 0.1955354 4.754 0 P 0
L 0.1866772 4.7451418 0.1866772 4.7628582 0 P 0
L 0.214315 0.602 0.253685 0.602 0 P 0
L 0.214315 0.702 0.253685 0.702 0 P 0
L 0.214315 0.802 0.253685 0.802 0 P 0
L 0.214315 0.902 0.253685 0.902 0 P 0
L 0.214315 1.002 0.253685 1.002 0 P 0
L 0.214315 1.102 0.253685 1.102 0 P 0
L 0.214315 1.202 0.253685 1.202 0 P 0
L 0.214315 1.302 0.253685 1.302 0 P 0
L 0.214315 1.402 0.253685 1.402 0 P 0
L 0.214315 1.502 0.253685 1.502 0 P 0
L 0.214315 1.602 0.253685 1.602 0 P 0
L 0.214315 1.702 0.253685 1.702 0 P 0
L 0.214315 1.802 0.253685 1.802 0 P 0
L 0.214315 1.902 0.253685 1.902 0 P 0
L 0.214315 2.002 0.253685 2.002 0 P 0
L 0.214315 2.102 0.253685 2.102 0 P 0
L 0.214315 2.202 0.253685 2.202 0 P 0
L 0.214315 2.302 0.253685 2.302 0 P 0
L 0.214315 2.402 0.253685 2.402 0 P 0
L 0.214315 2.502 0.253685 2.502 0 P 0
L 0.214315 2.602 0.253685 2.602 0 P 0
L 0.214315 2.702 0.253685 2.702 0 P 0
L 0.214315 2.802 0.253685 2.802 0 P 0
L 0.214315 2.902 0.253685 2.902 0 P 0
L 0.214315 3.002 0.253685 3.002 0 P 0
L 0.214315 3.102 0.253685 3.102 0 P 0
L 0.214315 3.202 0.253685 3.202 0 P 0
L 0.214315 3.302 0.253685 3.302 0 P 0
L 0.214315 3.402 0.253685 3.402 0 P 0
L 0.214315 3.502 0.253685 3.502 0 P 0
L 0.214315 3.602 0.253685 3.602 0 P 0
L 0.214315 3.702 0.253685 3.702 0 P 0
L 0.214315 3.802 0.253685 3.802 0 P 0
L 0.214315 3.902 0.253685 3.902 0 P 0
L 0.214315 4.002 0.253685 4.002 0 P 0
L 0.215 4.385 0.235 4.385 0 P 0
L 0.215 4.437501 0.235 4.437501 0 P 0
L 0.215 4.502 0.235 4.502 0 P 0
L 0.22331 4.55569 0.24331 4.55569 0 P 0
L 0.224 4.609 0.244 4.609 0 P 0
L 0.224 4.6738002 0.244 4.6738002 0 P 0
L 0.225 4.375 0.225 4.395 0 P 0
L 0.225 4.427501 0.225 4.447501 0 P 0
L 0.225 4.492 0.225 4.512 0 P 0
L 0.23331 4.54569 0.23331 4.56569 0 P 0
L 0.234 0.582315 0.234 0.621685 0 P 0
L 0.234 0.682315 0.234 0.721685 0 P 0
L 0.234 0.782315 0.234 0.821685 0 P 0
L 0.234 0.882315 0.234 0.921685 0 P 0
L 0.234 0.982315 0.234 1.021685 0 P 0
L 0.234 1.082315 0.234 1.121685 0 P 0
L 0.234 1.182315 0.234 1.221685 0 P 0
L 0.234 1.282315 0.234 1.321685 0 P 0
L 0.234 1.382315 0.234 1.421685 0 P 0
L 0.234 1.482315 0.234 1.521685 0 P 0
L 0.234 1.582315 0.234 1.621685 0 P 0
L 0.234 1.682315 0.234 1.721685 0 P 0
L 0.234 1.782315 0.234 1.821685 0 P 0
L 0.234 1.882315 0.234 1.921685 0 P 0
L 0.234 1.982315 0.234 2.021685 0 P 0
L 0.234 2.082315 0.234 2.121685 0 P 0
L 0.234 2.182315 0.234 2.221685 0 P 0
L 0.234 2.282315 0.234 2.321685 0 P 0
L 0.234 2.382315 0.234 2.421685 0 P 0
L 0.234 2.482315 0.234 2.521685 0 P 0
L 0.234 2.582315 0.234 2.621685 0 P 0
L 0.234 2.682315 0.234 2.721685 0 P 0
L 0.234 2.782315 0.234 2.821685 0 P 0
L 0.234 2.882315 0.234 2.921685 0 P 0
L 0.234 2.982315 0.234 3.021685 0 P 0
L 0.234 3.082315 0.234 3.121685 0 P 0
L 0.234 3.182315 0.234 3.221685 0 P 0
L 0.234 3.282315 0.234 3.321685 0 P 0
L 0.234 3.382315 0.234 3.421685 0 P 0
L 0.234 3.482315 0.234 3.521685 0 P 0
L 0.234 3.582315 0.234 3.621685 0 P 0
L 0.234 3.682315 0.234 3.721685 0 P 0
L 0.234 3.782315 0.234 3.821685 0 P 0
L 0.234 3.882315 0.234 3.921685 0 P 0
L 0.234 3.982315 0.234 4.021685 0 P 0
L 0.234 4.599 0.234 4.619 0 P 0
L 0.234 4.6638002 0.234 4.6838002 0 P 0
L 0.3626408 4.2 0.3803572 4.2 0 P 0
L 0.3626408 4.435 0.3803572 4.435 0 P 0
L 0.3676408 4.555 0.3853572 4.555 0 P 0
L 0.371499 4.1911418 0.371499 4.2088582 0 P 0
L 0.371499 4.4261418 0.371499 4.4438582 0 P 0
L 0.3726408 4.67 0.3903572 4.67 0 P 0
L 0.3726408 4.79 0.3903572 4.79 0 P 0
L 0.376499 4.5461418 0.376499 4.5638582 0 P 0
L 0.381 4.989 0.401 4.989 0 P 0
L 0.381499 4.6611418 0.381499 4.6788582 0 P 0
L 0.381499 4.7811418 0.381499 4.7988582 0 P 0
L 0.391 4.979 0.391 4.999 0 P 0
L 0.4004095 0.237 0.4515905 0.237 0 P 0
L 0.4004095 0.4338504 0.4515905 0.4338504 0 P 0
L 0.426 0.2114095 0.426 0.2625905 0 P 0
L 0.426 0.4082599 0.426 0.4594409 0 P 0
L 0.4591418 3.641797 0.4768582 3.641797 0 P 0
L 0.4631418 5.075 0.4808582 5.075 0 P 0
L 0.468 3.6329388 0.468 3.6506552 0 P 0
L 0.472 5.0661418 0.472 5.0838582 0 P 0
L 0.4974882 5.1068711 0.5152046 5.1068711 0 P 0
L 0.5011418 3.733797 0.5188582 3.733797 0 P 0
L 0.5063464 5.0980129 0.5063464 5.1157293 0 P 0
L 0.51 3.7249388 0.51 3.7426552 0 P 0
L 0.5104095 1.1611181 0.5615905 1.1611181 0 P 0
L 0.5104095 1.3579685 0.5615905 1.3579685 0 P 0
L 0.5202835 2.59 0.5557165 2.59 0 P 0
L 0.5241418 5.153 0.5418582 5.153 0 P 0
L 0.533 5.1441418 0.533 5.1618582 0 P 0
L 0.536 1.1355276 0.536 1.1867086 0 P 0
L 0.536 1.332378 0.536 1.383559 0 P 0
L 0.538 2.5722835 0.538 2.6077165 0 P 0
L 0.5411418 4.45 0.5588582 4.45 0 P 0
L 0.5411418 4.6344301 0.5588582 4.6344301 0 P 0
L 0.55 4.4411418 0.55 4.4588582 0 P 0
L 0.55 4.6255719 0.55 4.6432883 0 P 0
L 0.5811418 4.71 0.5988582 4.71 0 P 0
L 0.59 4.7011418 0.59 4.7188582 0 P 0
L 0.5911418 4.45 0.6088582 4.45 0 P 0
L 0.5931418 3.136 0.6108582 3.136 0 P 0
L 0.6 4.4411418 0.6 4.4588582 0 P 0
L 0.602 3.1271418 0.602 3.1448582 0 P 0
L 0.6182835 2.591 0.6537165 2.591 0 P 0
L 0.636 2.5732835 0.636 2.6087165 0 P 0
L 0.6411418 4.754 0.6588582 4.754 0 P 0
L 0.65 4.7451418 0.65 4.7628582 0 P 0
L 0.6511418 4.5053464 0.6688582 4.5053464 0 P 0
L 0.66 4.4964882 0.66 4.5142046 0 P 0
L 0.7170765 4.082 0.7347929 4.082 0 P 0
L 0.7232755 2.95 0.7665825 2.95 0 P 0
L 0.7232755 3.05 0.7665825 3.05 0 P 0
L 0.7232755 3.15 0.7665825 3.15 0 P 0
L 0.7259347 4.0731418 0.7259347 4.0908582 0 P 0
L 0.744929 2.9283465 0.744929 2.9716535 0 P 0
L 0.744929 3.0283465 0.744929 3.0716535 0 P 0
L 0.744929 3.1283465 0.744929 3.1716535 0 P 0
L 0.7471418 4.181 0.7648582 4.181 0 P 0
L 0.7544646 1.942 0.7875354 1.942 0 P 0
L 0.7544646 2.042 0.7875354 2.042 0 P 0
L 0.756 4.1721418 0.756 4.1898582 0 P 0
L 0.771 1.9254646 0.771 1.9585354 0 P 0
L 0.771 2.0254646 0.771 2.0585354 0 P 0
L 0.7941418 4.502 0.8118582 4.502 0 P 0
L 0.803 4.4931418 0.803 4.5108582 0 P 0
L 0.8044646 1.992 0.8375354 1.992 0 P 0
L 0.821 1.9754646 0.821 2.0085354 0 P 0
L 0.8221418 5.153 0.8398582 5.153 0 P 0
L 0.831 5.1441418 0.831 5.1618582 0 P 0
L 0.8451418 4.45 0.8628582 4.45 0 P 0
L 0.854 4.4411418 0.854 4.4588582 0 P 0
L 0.8544646 1.942 0.8875354 1.942 0 P 0
L 0.8544646 2.042 0.8875354 2.042 0 P 0
L 0.871 1.9254646 0.871 1.9585354 0 P 0
L 0.871 2.0254646 0.871 2.0585354 0 P 0
L 0.8711418 4.83 0.8888582 4.83 0 P 0
L 0.88 4.8211418 0.88 4.8388582 0 P 0
L 0.8911418 4.45 0.9088582 4.45 0 P 0
L 0.8925355 0.237 0.9437165 0.237 0 P 0
L 0.8925355 0.4338504 0.9437165 0.4338504 0 P 0
L 0.8983014 1.532 0.9160178 1.532 0 P 0
L 0.9 4.4411418 0.9 4.4588582 0 P 0
L 0.9046457 3.733797 0.9223621 3.733797 0 P 0
L 0.9051417 3.639797 0.9228581 3.639797 0 P 0
L 0.9071596 1.5231418 0.9071596 1.5408582 0 P 0
L 0.9135039 3.7249388 0.9135039 3.7426552 0 P 0
L 0.9139999 3.6309388 0.9139999 3.6486552 0 P 0
L 0.918126 0.2114095 0.918126 0.2625905 0 P 0
L 0.918126 0.4082599 0.918126 0.4594409 0 P 0
L 0.9464646 1.94 0.9795354 1.94 0 P 0
L 0.9464646 2.04 0.9795354 2.04 0 P 0
L 0.9503192 1.6745351 0.9703192 1.6745351 0 P 0
L 0.9599213 2.226 1.0000787 2.226 0 P 0
L 0.9599213 2.526 1.0000787 2.526 0 P 0
L 0.9603192 1.6645351 0.9603192 1.6845351 0 P 0
L 0.963 1.9234646 0.963 1.9565354 0 P 0
L 0.963 2.0234646 0.963 2.0565354 0 P 0
L 0.9751418 0.418 0.9928582 0.418 0 P 0
L 0.98 2.2059213 0.98 2.2460787 0 P 0
L 0.98 2.5059213 0.98 2.5460787 0 P 0
L 0.984 0.4091418 0.984 0.4268582 0 P 0
L 0.9964646 1.99 1.0295354 1.99 0 P 0
L 1.0025355 1.1611181 1.0537165 1.1611181 0 P 0
L 1.0025355 1.3579685 1.0537165 1.3579685 0 P 0
L 1.013 1.9734646 1.013 2.0065354 0 P 0
L 1.028126 1.1355276 1.028126 1.1867086 0 P 0
L 1.028126 1.332378 1.028126 1.383559 0 P 0
L 1.0464646 1.94 1.0795354 1.94 0 P 0
L 1.0464646 2.04 1.0795354 2.04 0 P 0
L 1.0599213 2.226 1.1000787 2.226 0 P 0
L 1.0599213 2.526 1.1000787 2.526 0 P 0
L 1.063 1.9234646 1.063 1.9565354 0 P 0
L 1.063 2.0234646 1.063 2.0565354 0 P 0
L 1.08 2.2059213 1.08 2.2460787 0 P 0
L 1.08 2.5059213 1.08 2.5460787 0 P 0
L 1.0942835 0.9321496 1.1454645 0.9321496 0 P 0
L 1.0942835 1.129 1.1454645 1.129 0 P 0
L 1.0944095 1.4331496 1.1455905 1.4331496 0 P 0
L 1.0944095 1.63 1.1455905 1.63 0 P 0
L 1.119874 0.9065591 1.119874 0.9577401 0 P 0
L 1.119874 1.1034095 1.119874 1.1545905 0 P 0
L 1.12 1.4075591 1.12 1.4587401 0 P 0
L 1.12 1.6044095 1.12 1.6555905 0 P 0
L 1.126 0.45 1.146 0.45 0 P 0
L 1.136 0.44 1.136 0.46 0 P 0
L 1.1531418 4.869 1.1708582 4.869 0 P 0
L 1.1599213 2.226 1.2000787 2.226 0 P 0
L 1.1599213 2.526 1.2000787 2.526 0 P 0
L 1.162 4.8601418 1.162 4.8778582 0 P 0
L 1.1757641 4.1396223 1.1934805 4.1396223 0 P 0
L 1.1761418 4.0076223 1.1938582 4.0076223 0 P 0
L 1.1761418 4.0736223 1.1938582 4.0736223 0 P 0
L 1.1769102 4.2748393 1.1946266 4.2748393 0 P 0
L 1.1781418 3.87 1.1958582 3.87 0 P 0
L 1.1785195 4.2086223 1.1962359 4.2086223 0 P 0
L 1.18 2.2059213 1.18 2.2460787 0 P 0
L 1.18 2.5059213 1.18 2.5460787 0 P 0
L 1.1815748 3.0379114 1.1992912 3.0379114 0 P 0
L 1.1821418 3.9391335 1.1998582 3.9391335 0 P 0
L 1.1821418 4.3436223 1.1998582 4.3436223 0 P 0
L 1.1846223 4.1307641 1.1846223 4.1484805 0 P 0
L 1.185 3.9987641 1.185 4.0164805 0 P 0
L 1.185 4.0647641 1.185 4.0824805 0 P 0
L 1.1857684 4.2659811 1.1857684 4.2836975 0 P 0
L 1.187 3.8611418 1.187 3.8788582 0 P 0
L 1.1873777 4.1997641 1.1873777 4.2174805 0 P 0
L 1.1901418 4.917 1.2078582 4.917 0 P 0
L 1.190433 3.0290532 1.190433 3.0467696 0 P 0
L 1.191 3.9302753 1.191 3.9479917 0 P 0
L 1.191 4.3347641 1.191 4.3524805 0 P 0
L 1.199 4.9081418 1.199 4.9258582 0 P 0
L 1.2351418 3.653 1.2528582 3.653 0 P 0
L 1.244 3.6441418 1.244 3.6618582 0 P 0
L 1.2599213 2.226 1.3000787 2.226 0 P 0
L 1.2599213 2.526 1.3000787 2.526 0 P 0
L 1.28 2.2059213 1.28 2.2460787 0 P 0
L 1.28 2.5059213 1.28 2.5460787 0 P 0
L 1.2801418 3.181 1.2978582 3.181 0 P 0
L 1.289 3.1721418 1.289 3.1898582 0 P 0
L 1.3005748 3.8049999 1.3182912 3.8049999 0 P 0
L 1.3091418 4.532 1.3268582 4.532 0 P 0
L 1.309433 3.7961417 1.309433 3.8138581 0 P 0
L 1.318 4.5231418 1.318 4.5408582 0 P 0
L 1.3521418 4.5633062 1.3698582 4.5633062 0 P 0
L 1.361 4.554448 1.361 4.5721644 0 P 0
L 1.3761418 4.01 1.3938582 4.01 0 P 0
L 1.3771418 3.1145118 1.3948582 3.1145118 0 P 0
L 1.385 4.0011418 1.385 4.0188582 0 P 0
L 1.386 3.1056536 1.386 3.12337 0 P 0
L 1.3861418 4.139 1.4038582 4.139 0 P 0
L 1.3861886 4.3440468 1.403905 4.3440468 0 P 0
L 1.3881418 4.069 1.4058582 4.069 0 P 0
L 1.3901418 4.276 1.4078582 4.276 0 P 0
L 1.3911418 4.213 1.4088582 4.213 0 P 0
L 1.3923242 0.4495 1.4123242 0.4495 0 P 0
L 1.395 4.1301418 1.395 4.1478582 0 P 0
L 1.3950468 4.3351886 1.3950468 4.352905 0 P 0
L 1.397 4.0601418 1.397 4.0778582 0 P 0
L 1.399 4.2671418 1.399 4.2848582 0 P 0
L 1.3991418 3.943 1.4168582 3.943 0 P 0
L 1.4 4.2041418 1.4 4.2218582 0 P 0
L 1.4023242 0.4395 1.4023242 0.4595 0 P 0
L 1.408 3.9341418 1.408 3.9518582 0 P 0
L 1.4501418 0.496 1.4678582 0.496 0 P 0
L 1.459 0.4871418 1.459 0.5048582 0 P 0
L 1.5131811 3.689 1.5308975 3.689 0 P 0
L 1.5131811 3.747 1.5308975 3.747 0 P 0
L 1.5220393 3.6801418 1.5220393 3.6978582 0 P 0
L 1.5220393 3.7381418 1.5220393 3.7558582 0 P 0
L 1.5501418 3.876 1.5678582 3.876 0 P 0
L 1.559 3.8671418 1.559 3.8848582 0 P 0
L 1.578 5.024 1.598 5.024 0 P 0
L 1.5864095 0.9321496 1.6375905 0.9321496 0 P 0
L 1.5864095 1.129 1.6375905 1.129 0 P 0
L 1.5865355 1.4331496 1.6377165 1.4331496 0 P 0
L 1.5865355 1.63 1.6377165 1.63 0 P 0
L 1.588 5.014 1.588 5.034 0 P 0
L 1.5942835 0.2301496 1.6454645 0.2301496 0 P 0
L 1.5942835 0.427 1.6454645 0.427 0 P 0
L 1.612 0.9065591 1.612 0.9577401 0 P 0
L 1.612 1.1034095 1.612 1.1545905 0 P 0
L 1.612126 1.4075591 1.612126 1.4587401 0 P 0
L 1.612126 1.6044095 1.612126 1.6555905 0 P 0
L 1.619874 0.2045591 1.619874 0.2557401 0 P 0
L 1.619874 0.4014095 1.619874 0.4525905 0 P 0
L 1.63 4.95 1.65 4.95 0 P 0
L 1.64 4.94 1.64 4.96 0 P 0
L 1.6551418 0.8694751 1.6728582 0.8694751 0 P 0
L 1.664 0.8606169 1.664 0.8783333 0 P 0
L 1.6719213 2.225 1.7120787 2.225 0 P 0
L 1.6719213 2.525 1.7120787 2.525 0 P 0
L 1.692 2.2049213 1.692 2.2450787 0 P 0
L 1.692 2.5049213 1.692 2.5450787 0 P 0
L 1.6934095 1.1591496 1.7445905 1.1591496 0 P 0
L 1.6934095 1.356 1.7445905 1.356 0 P 0
L 1.694 5.157 1.714 5.157 0 P 0
L 1.704 5.147 1.704 5.167 0 P 0
L 1.7151418 1.587 1.7328582 1.587 0 P 0
L 1.719 1.1335591 1.719 1.1847401 0 P 0
L 1.719 1.3304095 1.719 1.3815905 0 P 0
L 1.724 1.5781418 1.724 1.5958582 0 P 0
L 1.7719213 2.225 1.8120787 2.225 0 P 0
L 1.7719213 2.525 1.8120787 2.525 0 P 0
L 1.7831418 3.344 1.8008582 3.344 0 P 0
L 1.792 2.2049213 1.792 2.2450787 0 P 0
L 1.792 2.5049213 1.792 2.5450787 0 P 0
L 1.792 3.3351418 1.792 3.3528582 0 P 0
L 1.8031418 1.3 1.8208582 1.3 0 P 0
L 1.812 1.2911418 1.812 1.3088582 0 P 0
L 1.8185353 0.9736098 1.8385353 0.9736098 0 P 0
L 1.8285353 0.9636098 1.8285353 0.9836098 0 P 0
L 1.8421418 1.263 1.8598582 1.263 0 P 0
L 1.851 1.2541418 1.851 1.2718582 0 P 0
L 1.8567164 4.3438112 1.8744328 4.3438112 0 P 0
L 1.8577164 4.2056363 1.8754328 4.2056363 0 P 0
L 1.8585134 4.2748393 1.8762298 4.2748393 0 P 0
L 1.8595134 4.0776363 1.8772298 4.0776363 0 P 0
L 1.8595134 4.1396363 1.8772298 4.1396363 0 P 0
L 1.8595843 3.8756363 1.8773007 3.8756363 0 P 0
L 1.8600488 3.9426363 1.8777652 3.9426363 0 P 0
L 1.8605134 4.0106363 1.8782298 4.0106363 0 P 0
L 1.8655746 4.334953 1.8655746 4.3526694 0 P 0
L 1.866 1.736 1.886 1.736 0 P 0
L 1.8665746 4.1967781 1.8665746 4.2144945 0 P 0
L 1.8673716 4.2659811 1.8673716 4.2836975 0 P 0
L 1.8683716 4.0687781 1.8683716 4.0864945 0 P 0
L 1.8683716 4.1307781 1.8683716 4.1484945 0 P 0
L 1.8684425 3.8667781 1.8684425 3.8844945 0 P 0
L 1.868907 3.9337781 1.868907 3.9514945 0 P 0
L 1.8692835 5.093 1.9047165 5.093 0 P 0
L 1.8693716 4.0017781 1.8693716 4.0194945 0 P 0
L 1.8719213 2.225 1.9120787 2.225 0 P 0
L 1.8719213 2.525 1.9120787 2.525 0 P 0
L 1.876 1.726 1.876 1.746 0 P 0
L 1.8781418 1.23 1.8958582 1.23 0 P 0
L 1.887 1.2211418 1.887 1.2388582 0 P 0
L 1.887 5.0752835 1.887 5.1107165 0 P 0
L 1.892 2.2049213 1.892 2.2450787 0 P 0
L 1.892 2.5049213 1.892 2.5450787 0 P 0
L 1.9261418 2.001 1.9438582 2.001 0 P 0
L 1.9263465 4.547 1.9696535 4.547 0 P 0
L 1.9263465 4.647 1.9696535 4.647 0 P 0
L 1.9263465 4.747 1.9696535 4.747 0 P 0
L 1.935 1.9921418 1.935 2.0098582 0 P 0
L 1.9401418 3.049 1.9578582 3.049 0 P 0
L 1.948 4.5253465 1.948 4.5686535 0 P 0
L 1.948 4.6253465 1.948 4.6686535 0 P 0
L 1.948 4.7253465 1.948 4.7686535 0 P 0
L 1.949 3.0401418 1.949 3.0578582 0 P 0
L 1.9651418 1.832 1.9828582 1.832 0 P 0
L 1.9672835 5.094 2.0027165 5.094 0 P 0
L 1.9719213 2.225 2.0120787 2.225 0 P 0
L 1.9719213 2.525 2.0120787 2.525 0 P 0
L 1.974 1.8231418 1.974 1.8408582 0 P 0
L 1.985 5.0762835 1.985 5.1117165 0 P 0
L 1.992 2.2049213 1.992 2.2450787 0 P 0
L 1.992 2.5049213 1.992 2.5450787 0 P 0
L 2.0196418 1.851 2.0373582 1.851 0 P 0
L 2.0285 1.8421418 2.0285 1.8598582 0 P 0
L 2.0301418 3.179 2.0478582 3.179 0 P 0
L 2.039 3.1701418 2.039 3.1878582 0 P 0
L 2.0504308 1.624711 2.0681472 1.624711 0 P 0
L 2.059289 1.6158528 2.059289 1.6335692 0 P 0
L 2.0652835 5.095 2.1007165 5.095 0 P 0
L 2.0709192 4.5540906 2.0909192 4.5540906 0 P 0
L 2.0809192 4.5440906 2.0809192 4.5640906 0 P 0
L 2.083 5.0772835 2.083 5.1127165 0 P 0
L 2.0864095 0.2301496 2.1375905 0.2301496 0 P 0
L 2.0864095 0.427 2.1375905 0.427 0 P 0
L 2.112 0.2045591 2.112 0.2557401 0 P 0
L 2.112 0.4014095 2.112 0.4525905 0 P 0
L 2.1221418 1.513 2.1398582 1.513 0 P 0
L 2.1271418 4.685 2.1448582 4.685 0 P 0
L 2.131 1.5041418 2.131 1.5218582 0 P 0
L 2.136 4.6761418 2.136 4.6938582 0 P 0
L 2.1491811 3.5825212 2.1668975 3.5825212 0 P 0
L 2.1491811 3.636 2.1668975 3.636 0 P 0
L 2.15001 3.6917775 2.1677264 3.6917775 0 P 0
L 2.1506457 3.742 2.1683621 3.742 0 P 0
L 2.1580393 3.573663 2.1580393 3.5913794 0 P 0
L 2.1580393 3.6271418 2.1580393 3.6448582 0 P 0
L 2.1588682 3.6829193 2.1588682 3.7006357 0 P 0
L 2.1595039 3.7331418 2.1595039 3.7508582 0 P 0
L 2.1632835 5.096 2.1987165 5.096 0 P 0
L 2.167 1.6601087 2.187 1.6601087 0 P 0
L 2.177 1.6501087 2.177 1.6701087 0 P 0
L 2.181 5.0782835 2.181 5.1137165 0 P 0
L 2.1831418 3.029 2.2008582 3.029 0 P 0
L 2.1855355 1.1591496 2.2367165 1.1591496 0 P 0
L 2.1855355 1.356 2.2367165 1.356 0 P 0
L 2.192 3.0201418 2.192 3.0378582 0 P 0
L 2.193 3.645 2.213 3.645 0 P 0
L 2.203 3.635 2.203 3.655 0 P 0
L 2.211126 1.1335591 2.211126 1.1847401 0 P 0
L 2.211126 1.3304095 2.211126 1.3815905 0 P 0
L 2.2543465 4.083557 2.2976535 4.083557 0 P 0
L 2.2543465 4.183557 2.2976535 4.183557 0 P 0
L 2.2553465 4.432 2.2986535 4.432 0 P 0
L 2.2553465 4.532 2.2986535 4.532 0 P 0
L 2.2612835 5.097 2.2967165 5.097 0 P 0
L 2.276 4.0619035 2.276 4.1052105 0 P 0
L 2.276 4.1619035 2.276 4.2052105 0 P 0
L 2.277 4.4103465 2.277 4.4536535 0 P 0
L 2.277 4.5103465 2.277 4.5536535 0 P 0
L 2.279 5.0792835 2.279 5.1147165 0 P 0
L 2.321 3.558 2.341 3.558 0 P 0
L 2.331 3.548 2.331 3.568 0 P 0
L 2.3421418 1.792 2.3598582 1.792 0 P 0
L 2.351 1.7831418 2.351 1.8008582 0 P 0
L 2.3614646 4.146 2.3945354 4.146 0 P 0
L 2.3614646 4.246 2.3945354 4.246 0 P 0
L 2.3699469 4.418 2.4030177 4.418 0 P 0
L 2.3699469 4.518 2.4030177 4.518 0 P 0
L 2.378 4.1294646 2.378 4.1625354 0 P 0
L 2.378 4.2294646 2.378 4.2625354 0 P 0
L 2.3864823 4.4014646 2.3864823 4.4345354 0 P 0
L 2.3864823 4.5014646 2.3864823 4.5345354 0 P 0
L 2.393 5.181 2.413 5.181 0 P 0
L 2.403 5.171 2.403 5.191 0 P 0
L 2.4114646 4.196 2.4445354 4.196 0 P 0
L 2.4199469 4.468 2.4530177 4.468 0 P 0
L 2.428 4.1794646 2.428 4.2125354 0 P 0
L 2.4364823 4.4514646 2.4364823 4.4845354 0 P 0
L 2.4614646 4.146 2.4945354 4.146 0 P 0
L 2.4614646 4.246 2.4945354 4.246 0 P 0
L 2.4699469 4.418 2.5030177 4.418 0 P 0
L 2.4699469 4.518 2.5030177 4.518 0 P 0
L 2.4703465 4.988 2.5136535 4.988 0 P 0
L 2.4703465 5.088 2.5136535 5.088 0 P 0
L 2.4731418 4.754 2.4908582 4.754 0 P 0
L 2.478 4.1294646 2.478 4.1625354 0 P 0
L 2.478 4.2294646 2.478 4.2625354 0 P 0
L 2.482 4.7451418 2.482 4.7628582 0 P 0
L 2.4864823 4.4014646 2.4864823 4.4345354 0 P 0
L 2.4864823 4.5014646 2.4864823 4.5345354 0 P 0
L 2.492 4.9663465 2.492 5.0096535 0 P 0
L 2.492 5.0663465 2.492 5.1096535 0 P 0
L 2.5033701 0.6009712 2.5427401 0.6009712 0 P 0
L 2.5033701 0.7009712 2.5427401 0.7009712 0 P 0
L 2.5033701 0.8009712 2.5427401 0.8009712 0 P 0
L 2.5033701 0.9009712 2.5427401 0.9009712 0 P 0
L 2.5033701 1.0009712 2.5427401 1.0009712 0 P 0
L 2.5033701 1.1009712 2.5427401 1.1009712 0 P 0
L 2.5033701 1.2009712 2.5427401 1.2009712 0 P 0
L 2.5033701 1.3009712 2.5427401 1.3009712 0 P 0
L 2.5033701 1.4009712 2.5427401 1.4009712 0 P 0
L 2.5033701 1.5009712 2.5427401 1.5009712 0 P 0
L 2.5033701 1.6009712 2.5427401 1.6009712 0 P 0
L 2.5033701 1.7009712 2.5427401 1.7009712 0 P 0
L 2.5033701 1.8009712 2.5427401 1.8009712 0 P 0
L 2.5033701 1.9009712 2.5427401 1.9009712 0 P 0
L 2.5033701 2.0009712 2.5427401 2.0009712 0 P 0
L 2.5033701 2.1009712 2.5427401 2.1009712 0 P 0
L 2.5033701 2.2009712 2.5427401 2.2009712 0 P 0
L 2.5033701 2.3009712 2.5427401 2.3009712 0 P 0
L 2.5033701 2.4009712 2.5427401 2.4009712 0 P 0
L 2.5033701 2.5009712 2.5427401 2.5009712 0 P 0
L 2.5033701 2.6009712 2.5427401 2.6009712 0 P 0
L 2.5033701 2.7009712 2.5427401 2.7009712 0 P 0
L 2.5033701 2.8009712 2.5427401 2.8009712 0 P 0
L 2.5033701 2.9009712 2.5427401 2.9009712 0 P 0
L 2.5033701 3.0009712 2.5427401 3.0009712 0 P 0
L 2.5033701 3.1009712 2.5427401 3.1009712 0 P 0
L 2.5033701 3.2009712 2.5427401 3.2009712 0 P 0
L 2.5033701 3.3009712 2.5427401 3.3009712 0 P 0
L 2.5033701 3.4009712 2.5427401 3.4009712 0 P 0
L 2.5033701 3.5009712 2.5427401 3.5009712 0 P 0
L 2.5033701 3.6009712 2.5427401 3.6009712 0 P 0
L 2.5033701 3.7009712 2.5427401 3.7009712 0 P 0
L 2.5033701 3.8009712 2.5427401 3.8009712 0 P 0
L 2.5033701 3.9009712 2.5427401 3.9009712 0 P 0
L 2.5033701 4.0009712 2.5427401 4.0009712 0 P 0
L 2.5230551 0.5812862 2.5230551 0.6206562 0 P 0
L 2.5230551 0.6812862 2.5230551 0.7206562 0 P 0
L 2.5230551 0.7812862 2.5230551 0.8206562 0 P 0
L 2.5230551 0.8812862 2.5230551 0.9206562 0 P 0
L 2.5230551 0.9812862 2.5230551 1.0206562 0 P 0
L 2.5230551 1.0812862 2.5230551 1.1206562 0 P 0
L 2.5230551 1.1812862 2.5230551 1.2206562 0 P 0
L 2.5230551 1.2812862 2.5230551 1.3206562 0 P 0
L 2.5230551 1.3812862 2.5230551 1.4206562 0 P 0
L 2.5230551 1.4812862 2.5230551 1.5206562 0 P 0
L 2.5230551 1.5812862 2.5230551 1.6206562 0 P 0
L 2.5230551 1.6812862 2.5230551 1.7206562 0 P 0
L 2.5230551 1.7812862 2.5230551 1.8206562 0 P 0
L 2.5230551 1.8812862 2.5230551 1.9206562 0 P 0
L 2.5230551 1.9812862 2.5230551 2.0206562 0 P 0
L 2.5230551 2.0812862 2.5230551 2.1206562 0 P 0
L 2.5230551 2.1812862 2.5230551 2.2206562 0 P 0
L 2.5230551 2.2812862 2.5230551 2.3206562 0 P 0
L 2.5230551 2.3812862 2.5230551 2.4206562 0 P 0
L 2.5230551 2.4812862 2.5230551 2.5206562 0 P 0
L 2.5230551 2.5812862 2.5230551 2.6206562 0 P 0
L 2.5230551 2.6812862 2.5230551 2.7206562 0 P 0
L 2.5230551 2.7812862 2.5230551 2.8206562 0 P 0
L 2.5230551 2.8812862 2.5230551 2.9206562 0 P 0
L 2.5230551 2.9812862 2.5230551 3.0206562 0 P 0
L 2.5230551 3.0812862 2.5230551 3.1206562 0 P 0
L 2.5230551 3.1812862 2.5230551 3.2206562 0 P 0
L 2.5230551 3.2812862 2.5230551 3.3206562 0 P 0
L 2.5230551 3.3812862 2.5230551 3.4206562 0 P 0
L 2.5230551 3.4812862 2.5230551 3.5206562 0 P 0
L 2.5230551 3.5812862 2.5230551 3.6206562 0 P 0
L 2.5230551 3.6812862 2.5230551 3.7206562 0 P 0
L 2.5230551 3.7812862 2.5230551 3.8206562 0 P 0
L 2.5230551 3.8812862 2.5230551 3.9206562 0 P 0
L 2.5230551 3.9812862 2.5230551 4.0206562 0 P 0
L 2.5583465 4.155 2.6016535 4.155 0 P 0
L 2.5583465 4.255 2.6016535 4.255 0 P 0
L 2.5660198 4.434 2.6093268 4.434 0 P 0
L 2.5660198 4.534 2.6093268 4.534 0 P 0
L 2.571 4.62 2.591 4.62 0 P 0
L 2.58 4.1333465 2.58 4.1766535 0 P 0
L 2.58 4.2333465 2.58 4.2766535 0 P 0
L 2.581 4.61 2.581 4.63 0 P 0
L 2.5876733 4.4123465 2.5876733 4.4556535 0 P 0
L 2.5876733 4.5123465 2.5876733 4.5556535 0 P 0
L 2.601 4.73 2.621 4.73 0 P 0
L 2.6033701 0.6009712 2.6427401 0.6009712 0 P 0
L 2.6033701 0.7009712 2.6427401 0.7009712 0 P 0
L 2.6033701 0.8009712 2.6427401 0.8009712 0 P 0
L 2.6033701 0.9009712 2.6427401 0.9009712 0 P 0
L 2.6033701 1.0009712 2.6427401 1.0009712 0 P 0
L 2.6033701 1.1009712 2.6427401 1.1009712 0 P 0
L 2.6033701 1.2009712 2.6427401 1.2009712 0 P 0
L 2.6033701 1.3009712 2.6427401 1.3009712 0 P 0
L 2.6033701 1.4009712 2.6427401 1.4009712 0 P 0
L 2.6033701 1.5009712 2.6427401 1.5009712 0 P 0
L 2.6033701 1.6009712 2.6427401 1.6009712 0 P 0
L 2.6033701 1.7009712 2.6427401 1.7009712 0 P 0
L 2.6033701 1.8009712 2.6427401 1.8009712 0 P 0
L 2.6033701 1.9009712 2.6427401 1.9009712 0 P 0
L 2.6033701 2.0009712 2.6427401 2.0009712 0 P 0
L 2.6033701 2.1009712 2.6427401 2.1009712 0 P 0
L 2.6033701 2.2009712 2.6427401 2.2009712 0 P 0
L 2.6033701 2.3009712 2.6427401 2.3009712 0 P 0
L 2.6033701 2.4009712 2.6427401 2.4009712 0 P 0
L 2.6033701 2.5009712 2.6427401 2.5009712 0 P 0
L 2.6033701 2.6009712 2.6427401 2.6009712 0 P 0
L 2.6033701 2.7009712 2.6427401 2.7009712 0 P 0
L 2.6033701 2.8009712 2.6427401 2.8009712 0 P 0
L 2.6033701 2.9009712 2.6427401 2.9009712 0 P 0
L 2.6033701 3.0009712 2.6427401 3.0009712 0 P 0
L 2.6033701 3.1009712 2.6427401 3.1009712 0 P 0
L 2.6033701 3.2009712 2.6427401 3.2009712 0 P 0
L 2.6033701 3.3009712 2.6427401 3.3009712 0 P 0
L 2.6033701 3.4009712 2.6427401 3.4009712 0 P 0
L 2.6033701 3.5009712 2.6427401 3.5009712 0 P 0
L 2.6033701 3.6009712 2.6427401 3.6009712 0 P 0
L 2.6033701 3.7009712 2.6427401 3.7009712 0 P 0
L 2.6033701 3.8009712 2.6427401 3.8009712 0 P 0
L 2.6033701 3.9009712 2.6427401 3.9009712 0 P 0
L 2.6033701 4.0009712 2.6427401 4.0009712 0 P 0
L 2.611 4.72 2.611 4.74 0 P 0
L 2.6230551 0.5812862 2.6230551 0.6206562 0 P 0
L 2.6230551 0.6812862 2.6230551 0.7206562 0 P 0
L 2.6230551 0.7812862 2.6230551 0.8206562 0 P 0
L 2.6230551 0.8812862 2.6230551 0.9206562 0 P 0
L 2.6230551 0.9812862 2.6230551 1.0206562 0 P 0
L 2.6230551 1.0812862 2.6230551 1.1206562 0 P 0
L 2.6230551 1.1812862 2.6230551 1.2206562 0 P 0
L 2.6230551 1.2812862 2.6230551 1.3206562 0 P 0
L 2.6230551 1.3812862 2.6230551 1.4206562 0 P 0
L 2.6230551 1.4812862 2.6230551 1.5206562 0 P 0
L 2.6230551 1.5812862 2.6230551 1.6206562 0 P 0
L 2.6230551 1.6812862 2.6230551 1.7206562 0 P 0
L 2.6230551 1.7812862 2.6230551 1.8206562 0 P 0
L 2.6230551 1.8812862 2.6230551 1.9206562 0 P 0
L 2.6230551 1.9812862 2.6230551 2.0206562 0 P 0
L 2.6230551 2.0812862 2.6230551 2.1206562 0 P 0
L 2.6230551 2.1812862 2.6230551 2.2206562 0 P 0
L 2.6230551 2.2812862 2.6230551 2.3206562 0 P 0
L 2.6230551 2.3812862 2.6230551 2.4206562 0 P 0
L 2.6230551 2.4812862 2.6230551 2.5206562 0 P 0
L 2.6230551 2.5812862 2.6230551 2.6206562 0 P 0
L 2.6230551 2.6812862 2.6230551 2.7206562 0 P 0
L 2.6230551 2.7812862 2.6230551 2.8206562 0 P 0
L 2.6230551 2.8812862 2.6230551 2.9206562 0 P 0
L 2.6230551 2.9812862 2.6230551 3.0206562 0 P 0
L 2.6230551 3.0812862 2.6230551 3.1206562 0 P 0
L 2.6230551 3.1812862 2.6230551 3.2206562 0 P 0
L 2.6230551 3.2812862 2.6230551 3.3206562 0 P 0
L 2.6230551 3.3812862 2.6230551 3.4206562 0 P 0
L 2.6230551 3.4812862 2.6230551 3.5206562 0 P 0
L 2.6230551 3.5812862 2.6230551 3.6206562 0 P 0
L 2.6230551 3.6812862 2.6230551 3.7206562 0 P 0
L 2.6230551 3.7812862 2.6230551 3.8206562 0 P 0
L 2.6230551 3.8812862 2.6230551 3.9206562 0 P 0
L 2.6230551 3.9812862 2.6230551 4.0206562 0 P 0
L 2.6413465 4.988 2.6846535 4.988 0 P 0
L 2.6413465 5.088 2.6846535 5.088 0 P 0
L 2.663 4.9663465 2.663 5.0096535 0 P 0
L 2.663 5.0663465 2.663 5.1096535 0 P 0
L 2.6641418 0.489 2.6818582 0.489 0 P 0
L 2.673 0.4801418 2.673 0.4978582 0 P 0
L 2.6885945 0.552 2.7085945 0.552 0 P 0
L 2.6985945 0.542 2.6985945 0.562 0 P 0
